DEPTH	P_L_95	P_H_95	P_L_99	P_H_99	P_L_95_A	P_H_95_A	P_L_99_A	P_H_99_A	P_L_95_B	P_H_95_B	P_L_99_B	P_H_99_B
1	-1	1	-1	1	0	1	0	1	0	1	0	1
2	-1	1	-1	1	0	1	0	1	0	1	0	1
3	-0.666666666666667	0.666666666666667	-1	1	0	1	0	1	0	1	0	1
4	-0.75	0.75	-0.75	0.75	0	1	0	1	0	1	0	1
5	-0.6	0.6	-0.8	0.8	0	1	0	1	0	1	0	1
6	-0.5	0.666666666666667	-0.833333333333333	0.833333333333333	0.166666666666667	0.833333333333333	0	1	0	0.833333333333333	0	1
7	-0.571428571428571	0.571428571428571	-0.714285714285714	0.714285714285714	0.142857142857143	0.857142857142857	0	1	0.142857142857143	0.857142857142857	0	1
8	-0.5	0.5	-0.625	0.75	0.125	0.875	0	1	0.125	0.875	0	1
9	-0.555555555555556	0.444444444444444	-0.666666666666667	0.555555555555556	0.111111111111111	0.888888888888889	0	0.888888888888889	0.111111111111111	0.888888888888889	0	0.888888888888889
10	-0.5	0.5	-0.6	0.6	0.2	0.8	0.1	0.9	0.2	0.8	0.1	0.9
11	-0.454545454545455	0.454545454545455	-0.636363636363636	0.636363636363636	0.181818181818182	0.818181818181818	0.0909090909090909	0.909090909090909	0.181818181818182	0.818181818181818	0.0909090909090909	0.909090909090909
12	-0.416666666666667	0.5	-0.583333333333333	0.583333333333333	0.166666666666667	0.833333333333333	0.0833333333333333	0.916666666666667	0.166666666666667	0.833333333333333	0.0833333333333333	0.916666666666667
13	-0.461538461538462	0.461538461538462	-0.615384615384615	0.615384615384615	0.230769230769231	0.846153846153846	0.0769230769230769	0.846153846153846	0.153846153846154	0.846153846153846	0.0769230769230769	0.923076923076923
14	-0.428571428571429	0.428571428571429	-0.571428571428571	0.571428571428571	0.214285714285714	0.785714285714286	0.0714285714285714	0.857142857142857	0.214285714285714	0.785714285714286	0.0714285714285714	0.857142857142857
15	-0.466666666666667	0.4	-0.6	0.533333333333333	0.2	0.8	0.133333333333333	0.866666666666667	0.2	0.8	0.133333333333333	0.866666666666667
16	-0.375	0.375	-0.5625	0.5625	0.1875	0.75	0.125	0.875	0.1875	0.75	0.125	0.875
17	-0.411764705882353	0.411764705882353	-0.529411764705882	0.529411764705882	0.235294117647059	0.764705882352941	0.176470588235294	0.823529411764706	0.235294117647059	0.764705882352941	0.0588235294117647	0.823529411764706
18	-0.388888888888889	0.388888888888889	-0.555555555555556	0.5	0.222222222222222	0.777777777777778	0.111111111111111	0.888888888888889	0.222222222222222	0.777777777777778	0.166666666666667	0.888888888888889
19	-0.368421052631579	0.421052631578947	-0.526315789473684	0.473684210526316	0.210526315789474	0.736842105263158	0.157894736842105	0.842105263157895	0.263157894736842	0.789473684210526	0.157894736842105	0.842105263157895
20	-0.4	0.35	-0.5	0.5	0.2	0.75	0.15	0.85	0.25	0.75	0.15	0.85
21	-0.380952380952381	0.380952380952381	-0.523809523809524	0.523809523809524	0.238095238095238	0.761904761904762	0.19047619047619	0.80952380952381	0.238095238095238	0.761904761904762	0.142857142857143	0.857142857142857
22	-0.363636363636364	0.363636363636364	-0.454545454545455	0.454545454545455	0.227272727272727	0.772727272727273	0.181818181818182	0.818181818181818	0.227272727272727	0.772727272727273	0.181818181818182	0.818181818181818
23	-0.391304347826087	0.391304347826087	-0.521739130434783	0.521739130434783	0.217391304347826	0.782608695652174	0.173913043478261	0.826086956521739	0.260869565217391	0.782608695652174	0.173913043478261	0.826086956521739
24	-0.375	0.333333333333333	-0.5	0.458333333333333	0.25	0.75	0.166666666666667	0.833333333333333	0.25	0.75	0.208333333333333	0.833333333333333
25	-0.36	0.36	-0.44	0.48	0.24	0.76	0.16	0.84	0.24	0.76	0.2	0.84
26	-0.384615384615385	0.346153846153846	-0.5	0.423076923076923	0.230769230769231	0.730769230769231	0.153846153846154	0.807692307692308	0.230769230769231	0.769230769230769	0.153846153846154	0.807692307692308
27	-0.407407407407407	0.37037037037037	-0.481481481481482	0.444444444444444	0.259259259259259	0.740740740740741	0.185185185185185	0.814814814814815	0.222222222222222	0.740740740740741	0.185185185185185	0.814814814814815
28	-0.321428571428571	0.357142857142857	-0.464285714285714	0.464285714285714	0.25	0.75	0.142857142857143	0.821428571428571	0.25	0.75	0.178571428571429	0.821428571428571
29	-0.344827586206897	0.344827586206897	-0.413793103448276	0.482758620689655	0.241379310344828	0.758620689655172	0.172413793103448	0.793103448275862	0.241379310344828	0.724137931034483	0.172413793103448	0.793103448275862
30	-0.333333333333333	0.333333333333333	-0.4	0.4	0.266666666666667	0.733333333333333	0.2	0.833333333333333	0.266666666666667	0.733333333333333	0.2	0.8
31	-0.354838709677419	0.32258064516129	-0.483870967741935	0.387096774193548	0.258064516129032	0.709677419354839	0.161290322580645	0.774193548387097	0.258064516129032	0.741935483870968	0.193548387096774	0.806451612903226
32	-0.34375	0.34375	-0.40625	0.40625	0.25	0.75	0.1875	0.8125	0.25	0.75	0.1875	0.78125
33	-0.363636363636364	0.303030303030303	-0.454545454545455	0.424242424242424	0.272727272727273	0.727272727272727	0.212121212121212	0.818181818181818	0.272727272727273	0.757575757575758	0.212121212121212	0.818181818181818
34	-0.323529411764706	0.323529411764706	-0.411764705882353	0.441176470588235	0.264705882352941	0.735294117647059	0.205882352941176	0.794117647058823	0.264705882352941	0.735294117647059	0.235294117647059	0.764705882352941
35	-0.371428571428571	0.342857142857143	-0.457142857142857	0.4	0.257142857142857	0.742857142857143	0.171428571428571	0.8	0.257142857142857	0.742857142857143	0.2	0.8
36	-0.333333333333333	0.333333333333333	-0.472222222222222	0.388888888888889	0.25	0.722222222222222	0.166666666666667	0.777777777777778	0.277777777777778	0.722222222222222	0.222222222222222	0.805555555555556
37	-0.324324324324324	0.297297297297297	-0.432432432432432	0.378378378378378	0.27027027027027	0.72972972972973	0.189189189189189	0.783783783783784	0.27027027027027	0.756756756756757	0.189189189189189	0.810810810810811
38	-0.315789473684211	0.342105263157895	-0.421052631578947	0.473684210526316	0.263157894736842	0.736842105263158	0.236842105263158	0.789473684210526	0.263157894736842	0.736842105263158	0.184210526315789	0.789473684210526
39	-0.307692307692308	0.333333333333333	-0.435897435897436	0.461538461538462	0.282051282051282	0.717948717948718	0.205128205128205	0.794871794871795	0.282051282051282	0.717948717948718	0.205128205128205	0.794871794871795
40	-0.325	0.325	-0.425	0.4	0.275	0.725	0.225	0.775	0.275	0.75	0.2	0.8
41	-0.317073170731707	0.292682926829268	-0.390243902439024	0.390243902439024	0.268292682926829	0.731707317073171	0.219512195121951	0.804878048780488	0.268292682926829	0.731707317073171	0.219512195121951	0.804878048780488
42	-0.333333333333333	0.309523809523809	-0.452380952380952	0.404761904761905	0.261904761904762	0.714285714285714	0.19047619047619	0.785714285714286	0.261904761904762	0.714285714285714	0.214285714285714	0.785714285714286
43	-0.325581395348837	0.302325581395349	-0.441860465116279	0.395348837209302	0.27906976744186	0.720930232558139	0.232558139534884	0.767441860465116	0.27906976744186	0.720930232558139	0.209302325581395	0.767441860465116
44	-0.318181818181818	0.295454545454546	-0.409090909090909	0.409090909090909	0.272727272727273	0.704545454545455	0.204545454545455	0.772727272727273	0.295454545454545	0.727272727272727	0.227272727272727	0.75
45	-0.311111111111111	0.288888888888889	-0.377777777777778	0.422222222222222	0.266666666666667	0.733333333333333	0.2	0.777777777777778	0.288888888888889	0.711111111111111	0.222222222222222	0.755555555555556
46	-0.304347826086957	0.304347826086956	-0.41304347826087	0.391304347826087	0.260869565217391	0.717391304347826	0.195652173913043	0.760869565217391	0.282608695652174	0.717391304347826	0.217391304347826	0.760869565217391
47	-0.319148936170213	0.319148936170213	-0.446808510638298	0.382978723404255	0.297872340425532	0.723404255319149	0.234042553191489	0.787234042553192	0.276595744680851	0.723404255319149	0.191489361702128	0.765957446808511
48	-0.291666666666667	0.291666666666667	-0.395833333333333	0.395833333333333	0.291666666666667	0.708333333333333	0.229166666666667	0.791666666666667	0.291666666666667	0.708333333333333	0.208333333333333	0.770833333333333
49	-0.285714285714286	0.285714285714286	-0.36734693877551	0.346938775510204	0.26530612244898	0.693877551020408	0.224489795918367	0.755102040816326	0.285714285714286	0.73469387755102	0.244897959183673	0.775510204081633
50	-0.3	0.3	-0.42	0.42	0.26	0.7	0.2	0.78	0.28	0.72	0.18	0.78
51	-0.313725490196078	0.274509803921569	-0.352941176470588	0.372549019607843	0.294117647058824	0.725490196078431	0.235294117647059	0.784313725490196	0.294117647058824	0.705882352941177	0.215686274509804	0.764705882352941
52	-0.288461538461538	0.307692307692308	-0.403846153846154	0.365384615384615	0.288461538461538	0.711538461538462	0.211538461538462	0.769230769230769	0.288461538461538	0.711538461538462	0.230769230769231	0.788461538461538
53	-0.320754716981132	0.30188679245283	-0.39622641509434	0.433962264150943	0.30188679245283	0.69811320754717	0.245283018867925	0.773584905660377	0.283018867924528	0.69811320754717	0.188679245283019	0.773584905660377
54	-0.296296296296296	0.296296296296296	-0.425925925925926	0.37037037037037	0.277777777777778	0.722222222222222	0.222222222222222	0.777777777777778	0.296296296296296	0.722222222222222	0.203703703703704	0.759259259259259
55	-0.290909090909091	0.309090909090909	-0.381818181818182	0.4	0.290909090909091	0.709090909090909	0.236363636363636	0.763636363636364	0.272727272727273	0.690909090909091	0.236363636363636	0.763636363636364
56	-0.285714285714286	0.285714285714286	-0.428571428571429	0.357142857142857	0.285714285714286	0.714285714285714	0.214285714285714	0.767857142857143	0.285714285714286	0.714285714285714	0.214285714285714	0.767857142857143
57	-0.315789473684211	0.298245614035088	-0.403508771929825	0.385964912280702	0.298245614035088	0.719298245614035	0.245614035087719	0.771929824561403	0.298245614035088	0.719298245614035	0.210526315789474	0.754385964912281
58	-0.310344827586207	0.275862068965517	-0.396551724137931	0.379310344827586	0.293103448275862	0.706896551724138	0.206896551724138	0.775862068965517	0.293103448275862	0.706896551724138	0.224137931034483	0.741379310344828
59	-0.288135593220339	0.305084745762712	-0.389830508474576	0.406779661016949	0.305084745762712	0.711864406779661	0.220338983050847	0.76271186440678	0.271186440677966	0.711864406779661	0.220338983050847	0.779661016949153
60	-0.283333333333333	0.283333333333333	-0.383333333333333	0.4	0.3	0.7	0.233333333333333	0.783333333333333	0.3	0.716666666666667	0.25	0.783333333333333
61	-0.295081967213115	0.278688524590164	-0.426229508196721	0.360655737704918	0.295081967213115	0.704918032786885	0.229508196721311	0.754098360655738	0.327868852459016	0.721311475409836	0.262295081967213	0.770491803278688
62	-0.290322580645161	0.290322580645161	-0.338709677419355	0.338709677419355	0.290322580645161	0.709677419354839	0.225806451612903	0.758064516129032	0.290322580645161	0.709677419354839	0.225806451612903	0.758064516129032
63	-0.301587301587302	0.301587301587302	-0.380952380952381	0.428571428571429	0.301587301587302	0.698412698412698	0.238095238095238	0.761904761904762	0.285714285714286	0.698412698412698	0.238095238095238	0.746031746031746
64	-0.28125	0.28125	-0.359375	0.390625	0.296875	0.703125	0.25	0.78125	0.296875	0.71875	0.234375	0.75
65	-0.292307692307692	0.307692307692308	-0.384615384615385	0.369230769230769	0.307692307692308	0.707692307692308	0.215384615384615	0.784615384615385	0.292307692307692	0.707692307692308	0.246153846153846	0.769230769230769
66	-0.303030303030303	0.287878787878788	-0.409090909090909	0.363636363636364	0.303030303030303	0.712121212121212	0.227272727272727	0.742424242424242	0.287878787878788	0.712121212121212	0.212121212121212	0.772727272727273
67	-0.298507462686567	0.283582089552239	-0.358208955223881	0.388059701492537	0.283582089552239	0.716417910447761	0.238805970149254	0.761194029850746	0.283582089552239	0.716417910447761	0.223880597014925	0.761194029850746
68	-0.294117647058824	0.294117647058824	-0.397058823529412	0.367647058823529	0.294117647058824	0.705882352941177	0.235294117647059	0.75	0.279411764705882	0.705882352941177	0.191176470588235	0.75
69	-0.289855072463768	0.27536231884058	-0.391304347826087	0.36231884057971	0.304347826086957	0.710144927536232	0.231884057971014	0.768115942028985	0.304347826086957	0.695652173913043	0.246376811594203	0.753623188405797
70	-0.3	0.285714285714286	-0.385714285714286	0.385714285714286	0.3	0.714285714285714	0.242857142857143	0.742857142857143	0.314285714285714	0.7	0.228571428571429	0.771428571428571
71	-0.323943661971831	0.295774647887324	-0.422535211267606	0.352112676056338	0.28169014084507	0.71830985915493	0.225352112676056	0.76056338028169	0.295774647887324	0.71830985915493	0.23943661971831	0.76056338028169
72	-0.305555555555556	0.291666666666667	-0.375	0.375	0.305555555555556	0.694444444444444	0.25	0.763888888888889	0.277777777777778	0.708333333333333	0.222222222222222	0.736111111111111
73	-0.287671232876712	0.273972602739726	-0.36986301369863	0.342465753424658	0.315068493150685	0.698630136986301	0.246575342465753	0.767123287671233	0.301369863013699	0.698630136986301	0.232876712328767	0.753424657534247
74	-0.283783783783784	0.256756756756757	-0.391891891891892	0.405405405405405	0.283783783783784	0.702702702702703	0.22972972972973	0.743243243243243	0.297297297297297	0.702702702702703	0.243243243243243	0.756756756756757
75	-0.306666666666667	0.293333333333333	-0.36	0.36	0.306666666666667	0.693333333333333	0.266666666666667	0.746666666666667	0.28	0.693333333333333	0.253333333333333	0.746666666666667
76	-0.276315789473684	0.276315789473684	-0.394736842105263	0.355263157894737	0.302631578947368	0.697368421052632	0.25	0.763157894736842	0.302631578947368	0.697368421052632	0.223684210526316	0.776315789473684
77	-0.285714285714286	0.272727272727273	-0.376623376623377	0.350649350649351	0.298701298701299	0.701298701298701	0.233766233766234	0.753246753246753	0.298701298701299	0.701298701298701	0.233766233766234	0.74025974025974
78	-0.282051282051282	0.269230769230769	-0.371794871794872	0.346153846153846	0.294871794871795	0.705128205128205	0.243589743589744	0.743589743589744	0.294871794871795	0.692307692307692	0.230769230769231	0.730769230769231
79	-0.291139240506329	0.278481012658228	-0.367088607594937	0.354430379746835	0.291139240506329	0.708860759493671	0.215189873417722	0.759493670886076	0.30379746835443	0.708860759493671	0.240506329113924	0.759493670886076
80	-0.3	0.2625	-0.375	0.375	0.3	0.7	0.225	0.7625	0.3125	0.7	0.2375	0.75
81	-0.259259259259259	0.271604938271605	-0.407407407407407	0.345679012345679	0.296296296296296	0.691358024691358	0.259259259259259	0.740740740740741	0.308641975308642	0.703703703703704	0.259259259259259	0.790123456790123
82	-0.304878048780488	0.292682926829268	-0.390243902439024	0.365853658536585	0.304878048780488	0.695121951219512	0.268292682926829	0.75609756097561	0.304878048780488	0.707317073170732	0.219512195121951	0.780487804878049
83	-0.289156626506024	0.27710843373494	-0.36144578313253	0.373493975903614	0.27710843373494	0.698795180722892	0.216867469879518	0.759036144578313	0.301204819277108	0.698795180722892	0.240963855421687	0.759036144578313
84	-0.273809523809524	0.285714285714286	-0.357142857142857	0.369047619047619	0.321428571428571	0.69047619047619	0.238095238095238	0.75	0.30952380952381	0.69047619047619	0.25	0.738095238095238
85	-0.294117647058823	0.282352941176471	-0.388235294117647	0.364705882352941	0.294117647058824	0.694117647058824	0.258823529411765	0.764705882352941	0.294117647058824	0.705882352941177	0.247058823529412	0.776470588235294
86	-0.267441860465116	0.290697674418605	-0.383720930232558	0.36046511627907	0.302325581395349	0.697674418604651	0.267441860465116	0.755813953488372	0.302325581395349	0.697674418604651	0.255813953488372	0.755813953488372
87	-0.310344827586207	0.28735632183908	-0.413793103448276	0.35632183908046	0.310344827586207	0.701149425287356	0.229885057471264	0.770114942528736	0.310344827586207	0.701149425287356	0.252873563218391	0.770114942528736
88	-0.295454545454545	0.261363636363636	-0.363636363636364	0.352272727272727	0.306818181818182	0.681818181818182	0.25	0.738636363636364	0.295454545454545	0.704545454545455	0.25	0.75
89	-0.269662921348315	0.269662921348315	-0.325842696629213	0.337078651685393	0.292134831460674	0.696629213483146	0.258426966292135	0.719101123595506	0.325842696629214	0.674157303370786	0.280898876404494	0.730337078651685
90	-0.288888888888889	0.277777777777778	-0.4	0.344444444444444	0.288888888888889	0.677777777777778	0.233333333333333	0.755555555555556	0.3	0.688888888888889	0.255555555555556	0.766666666666667
91	-0.274725274725275	0.263736263736264	-0.32967032967033	0.351648351648352	0.318681318681319	0.703296703296703	0.263736263736264	0.769230769230769	0.318681318681319	0.692307692307692	0.241758241758242	0.747252747252747
92	-0.293478260869565	0.282608695652174	-0.358695652173913	0.358695652173913	0.293478260869565	0.695652173913043	0.228260869565217	0.771739130434783	0.304347826086957	0.695652173913043	0.25	0.760869565217391
93	-0.268817204301075	0.290322580645161	-0.354838709677419	0.344086021505376	0.290322580645161	0.698924731182796	0.236559139784946	0.741935483870968	0.32258064516129	0.67741935483871	0.247311827956989	0.731182795698925
94	-0.276595744680851	0.25531914893617	-0.382978723404255	0.340425531914894	0.297872340425532	0.691489361702128	0.24468085106383	0.74468085106383	0.319148936170213	0.702127659574468	0.24468085106383	0.776595744680851
95	-0.273684210526316	0.273684210526316	-0.347368421052632	0.368421052631579	0.326315789473684	0.684210526315789	0.263157894736842	0.736842105263158	0.294736842105263	0.694736842105263	0.242105263157895	0.736842105263158
96	-0.291666666666667	0.260416666666667	-0.364583333333333	0.34375	0.302083333333333	0.6875	0.260416666666667	0.739583333333333	0.3125	0.697916666666667	0.239583333333333	0.75
97	-0.278350515463918	0.288659793814433	-0.371134020618557	0.391752577319588	0.309278350515464	0.701030927835051	0.268041237113402	0.752577319587629	0.309278350515464	0.690721649484536	0.268041237113402	0.752577319587629
98	-0.26530612244898	0.295918367346939	-0.346938775510204	0.418367346938775	0.306122448979592	0.704081632653061	0.244897959183673	0.755102040816326	0.306122448979592	0.683673469387755	0.23469387755102	0.73469387755102
99	-0.262626262626263	0.272727272727273	-0.343434343434343	0.333333333333333	0.323232323232323	0.686868686868687	0.262626262626263	0.727272727272727	0.313131313131313	0.696969696969697	0.262626262626263	0.747474747474748
100	-0.27	0.26	-0.34	0.33	0.31	0.69	0.26	0.75	0.32	0.7	0.25	0.74
101	-0.277227722772277	0.267326732673267	-0.366336633663366	0.346534653465347	0.306930693069307	0.673267326732673	0.257425742574257	0.732673267326733	0.297029702970297	0.683168316831683	0.217821782178218	0.722772277227723
102	-0.264705882352941	0.264705882352941	-0.382352941176471	0.362745098039216	0.313725490196078	0.696078431372549	0.254901960784314	0.735294117647059	0.303921568627451	0.696078431372549	0.245098039215686	0.754901960784314
103	-0.271844660194175	0.271844660194175	-0.398058252427185	0.378640776699029	0.29126213592233	0.699029126213592	0.252427184466019	0.728155339805825	0.310679611650485	0.679611650485437	0.262135922330097	0.737864077669903
104	-0.278846153846154	0.288461538461538	-0.346153846153846	0.375	0.298076923076923	0.692307692307692	0.25	0.759615384615385	0.298076923076923	0.682692307692308	0.25	0.721153846153846
105	-0.266666666666667	0.266666666666667	-0.361904761904762	0.361904761904762	0.304761904761905	0.695238095238095	0.247619047619048	0.723809523809524	0.295238095238095	0.685714285714286	0.257142857142857	0.742857142857143
106	-0.273584905660377	0.264150943396226	-0.358490566037736	0.330188679245283	0.292452830188679	0.688679245283019	0.254716981132075	0.764150943396226	0.30188679245283	0.688679245283019	0.235849056603774	0.745283018867924
107	-0.271028037383178	0.280373831775701	-0.355140186915888	0.345794392523364	0.317757009345794	0.682242990654206	0.261682242990654	0.728971962616822	0.308411214953271	0.682242990654206	0.252336448598131	0.728971962616822
108	-0.268518518518519	0.277777777777778	-0.333333333333333	0.37962962962963	0.314814814814815	0.703703703703704	0.259259259259259	0.796296296296296	0.305555555555556	0.694444444444444	0.25	0.75
109	-0.284403669724771	0.284403669724771	-0.348623853211009	0.376146788990826	0.311926605504587	0.706422018348624	0.256880733944954	0.752293577981651	0.311926605504587	0.697247706422018	0.256880733944954	0.73394495412844
110	-0.281818181818182	0.272727272727273	-0.354545454545455	0.336363636363636	0.318181818181818	0.690909090909091	0.245454545454545	0.754545454545455	0.318181818181818	0.681818181818182	0.227272727272727	0.763636363636364
111	-0.27027027027027	0.288288288288288	-0.369369369369369	0.351351351351351	0.315315315315315	0.684684684684685	0.225225225225225	0.72972972972973	0.324324324324324	0.684684684684685	0.234234234234234	0.747747747747748
112	-0.276785714285714	0.267857142857143	-0.392857142857143	0.366071428571429	0.321428571428571	0.696428571428571	0.25	0.758928571428571	0.3125	0.696428571428571	0.276785714285714	0.741071428571429
113	-0.256637168141593	0.274336283185841	-0.353982300884956	0.345132743362832	0.31858407079646	0.690265486725664	0.256637168141593	0.761061946902655	0.309734513274336	0.690265486725664	0.238938053097345	0.734513274336283
114	-0.271929824561403	0.271929824561404	-0.350877192982456	0.342105263157895	0.298245614035088	0.684210526315789	0.236842105263158	0.736842105263158	0.289473684210526	0.684210526315789	0.228070175438596	0.736842105263158
115	-0.269565217391304	0.252173913043478	-0.330434782608696	0.330434782608696	0.304347826086957	0.68695652173913	0.252173913043478	0.730434782608696	0.31304347826087	0.68695652173913	0.269565217391304	0.747826086956522
116	-0.275862068965517	0.275862068965517	-0.353448275862069	0.344827586206897	0.301724137931034	0.689655172413793	0.25	0.732758620689655	0.301724137931034	0.706896551724138	0.241379310344828	0.758620689655172
117	-0.264957264957265	0.273504273504274	-0.316239316239316	0.358974358974359	0.307692307692308	0.692307692307692	0.273504273504274	0.760683760683761	0.316239316239316	0.683760683760684	0.239316239316239	0.726495726495726
118	-0.26271186440678	0.279661016949153	-0.372881355932203	0.364406779661017	0.305084745762712	0.694915254237288	0.220338983050847	0.73728813559322	0.313559322033898	0.669491525423729	0.245762711864407	0.728813559322034
119	-0.285714285714286	0.260504201680672	-0.369747899159664	0.336134453781513	0.319327731092437	0.689075630252101	0.252100840336134	0.739495798319328	0.302521008403361	0.697478991596639	0.252100840336134	0.756302521008403
120	-0.275	0.283333333333333	-0.391666666666667	0.358333333333333	0.316666666666667	0.7	0.275	0.775	0.316666666666667	0.691666666666667	0.258333333333333	0.758333333333333
121	-0.289256198347107	0.247933884297521	-0.363636363636364	0.330578512396694	0.305785123966942	0.677685950413223	0.239669421487603	0.743801652892562	0.322314049586777	0.685950413223141	0.256198347107438	0.727272727272727
122	-0.262295081967213	0.270491803278688	-0.327868852459016	0.352459016393443	0.319672131147541	0.680327868852459	0.262295081967213	0.745901639344262	0.311475409836066	0.688524590163934	0.254098360655738	0.737704918032787
123	-0.260162601626016	0.276422764227642	-0.373983739837398	0.333333333333333	0.308943089430894	0.691056910569106	0.268292682926829	0.747967479674797	0.308943089430894	0.691056910569106	0.260162601626016	0.723577235772358
124	-0.258064516129032	0.282258064516129	-0.379032258064516	0.32258064516129	0.314516129032258	0.685483870967742	0.241935483870968	0.766129032258065	0.298387096774194	0.669354838709677	0.258064516129032	0.725806451612903
125	-0.264	0.264	-0.352	0.336	0.312	0.696	0.256	0.76	0.312	0.688	0.264	0.728
126	-0.261904761904762	0.277777777777778	-0.341269841269841	0.341269841269841	0.30952380952381	0.682539682539683	0.253968253968254	0.73015873015873	0.30952380952381	0.698412698412698	0.253968253968254	0.722222222222222
127	-0.283464566929134	0.251968503937008	-0.346456692913386	0.338582677165354	0.307086614173228	0.692913385826772	0.244094488188976	0.740157480314961	0.307086614173228	0.692913385826772	0.267716535433071	0.748031496062992
128	-0.2578125	0.25	-0.3671875	0.3125	0.3125	0.6875	0.2578125	0.7265625	0.3046875	0.6953125	0.25	0.765625
129	-0.263565891472868	0.263565891472868	-0.333333333333333	0.333333333333333	0.302325581395349	0.689922480620155	0.24031007751938	0.751937984496124	0.310077519379845	0.682170542635659	0.232558139534884	0.736434108527132
130	-0.246153846153846	0.284615384615385	-0.346153846153846	0.353846153846154	0.315384615384615	0.684615384615385	0.261538461538462	0.738461538461539	0.3	0.676923076923077	0.246153846153846	0.730769230769231
131	-0.274809160305344	0.251908396946565	-0.358778625954198	0.312977099236641	0.320610687022901	0.679389312977099	0.251908396946565	0.732824427480916	0.312977099236641	0.694656488549618	0.259541984732824	0.755725190839695
132	-0.265151515151515	0.257575757575758	-0.348484848484848	0.318181818181818	0.310606060606061	0.681818181818182	0.272727272727273	0.734848484848485	0.318181818181818	0.689393939393939	0.265151515151515	0.742424242424242
133	-0.270676691729323	0.278195488721804	-0.338345864661654	0.353383458646617	0.308270676691729	0.684210526315789	0.263157894736842	0.744360902255639	0.300751879699248	0.676691729323308	0.263157894736842	0.721804511278195
134	-0.261194029850746	0.283582089552239	-0.350746268656716	0.365671641791045	0.305970149253731	0.694029850746269	0.26865671641791	0.761194029850746	0.313432835820896	0.686567164179104	0.26865671641791	0.73134328358209
135	-0.266666666666667	0.266666666666667	-0.340740740740741	0.348148148148148	0.311111111111111	0.674074074074074	0.237037037037037	0.733333333333333	0.318518518518519	0.681481481481481	0.274074074074074	0.740740740740741
136	-0.272058823529412	0.286764705882353	-0.338235294117647	0.345588235294118	0.316176470588235	0.691176470588235	0.25	0.727941176470588	0.308823529411765	0.683823529411765	0.257352941176471	0.720588235294118
137	-0.27007299270073	0.27007299270073	-0.328467153284671	0.357664233576642	0.306569343065693	0.686131386861314	0.262773722627737	0.744525547445255	0.299270072992701	0.693430656934307	0.248175182481752	0.737226277372263
138	-0.260869565217391	0.246376811594203	-0.347826086956522	0.333333333333333	0.318840579710145	0.688405797101449	0.253623188405797	0.739130434782609	0.304347826086957	0.695652173913043	0.231884057971014	0.746376811594203
139	-0.258992805755396	0.266187050359712	-0.352517985611511	0.338129496402878	0.309352517985612	0.683453237410072	0.251798561151079	0.741007194244604	0.309352517985612	0.690647482014389	0.251798561151079	0.741007194244604
140	-0.264285714285714	0.25	-0.35	0.307142857142857	0.314285714285714	0.685714285714286	0.25	0.735714285714286	0.307142857142857	0.678571428571429	0.242857142857143	0.714285714285714
141	-0.24113475177305	0.276595744680851	-0.304964539007092	0.404255319148936	0.312056737588652	0.702127659574468	0.269503546099291	0.74468085106383	0.312056737588652	0.680851063829787	0.234042553191489	0.730496453900709
142	-0.26056338028169	0.23943661971831	-0.359154929577465	0.302816901408451	0.309859154929577	0.669014084507042	0.232394366197183	0.711267605633803	0.309859154929577	0.690140845070423	0.23943661971831	0.767605633802817
143	-0.265734265734266	0.272727272727273	-0.342657342657343	0.328671328671329	0.321678321678322	0.685314685314685	0.251748251748252	0.72027972027972	0.314685314685315	0.692307692307692	0.258741258741259	0.769230769230769
144	-0.256944444444444	0.263888888888889	-0.333333333333333	0.319444444444444	0.3125	0.666666666666667	0.256944444444444	0.722222222222222	0.319444444444444	0.680555555555556	0.236111111111111	0.722222222222222
145	-0.268965517241379	0.248275862068966	-0.358620689655172	0.324137931034483	0.317241379310345	0.682758620689655	0.23448275862069	0.724137931034483	0.317241379310345	0.682758620689655	0.255172413793103	0.751724137931034
146	-0.253424657534247	0.26027397260274	-0.363013698630137	0.349315068493151	0.321917808219178	0.684931506849315	0.26027397260274	0.732876712328767	0.308219178082192	0.671232876712329	0.212328767123288	0.73972602739726
147	-0.238095238095238	0.26530612244898	-0.285714285714286	0.340136054421769	0.333333333333333	0.687074829931973	0.285714285714286	0.73469387755102	0.299319727891156	0.666666666666667	0.231292517006803	0.714285714285714
148	-0.263513513513514	0.263513513513513	-0.337837837837838	0.317567567567568	0.310810810810811	0.675675675675676	0.263513513513513	0.722972972972973	0.310810810810811	0.675675675675676	0.256756756756757	0.75
149	-0.25503355704698	0.275167785234899	-0.328859060402685	0.328859060402685	0.328859060402685	0.677852348993289	0.275167785234899	0.751677852348993	0.322147651006711	0.684563758389262	0.275167785234899	0.724832214765101
150	-0.273333333333333	0.273333333333333	-0.373333333333333	0.353333333333333	0.32	0.693333333333333	0.253333333333333	0.746666666666667	0.313333333333333	0.686666666666667	0.233333333333333	0.726666666666667
151	-0.278145695364238	0.264900662251656	-0.350993377483444	0.317880794701987	0.317880794701987	0.688741721854305	0.264900662251656	0.748344370860927	0.324503311258278	0.688741721854305	0.264900662251656	0.728476821192053
152	-0.269736842105263	0.269736842105263	-0.328947368421053	0.322368421052632	0.315789473684211	0.690789473684211	0.269736842105263	0.756578947368421	0.315789473684211	0.677631578947368	0.282894736842105	0.736842105263158
153	-0.26797385620915	0.254901960784314	-0.326797385620915	0.320261437908497	0.30718954248366	0.686274509803922	0.248366013071895	0.751633986928105	0.313725490196078	0.679738562091503	0.261437908496732	0.738562091503268
154	-0.25974025974026	0.279220779220779	-0.350649350649351	0.318181818181818	0.311688311688312	0.681818181818182	0.253246753246753	0.733766233766234	0.305194805194805	0.694805194805195	0.246753246753247	0.75974025974026
155	-0.264516129032258	0.258064516129032	-0.348387096774194	0.335483870967742	0.309677419354839	0.67741935483871	0.238709677419355	0.741935483870968	0.309677419354839	0.67741935483871	0.251612903225806	0.735483870967742
156	-0.269230769230769	0.262820512820513	-0.352564102564103	0.33974358974359	0.320512820512821	0.685897435897436	0.25	0.724358974358974	0.320512820512821	0.685897435897436	0.269230769230769	0.730769230769231
157	-0.254777070063694	0.267515923566879	-0.363057324840764	0.369426751592357	0.312101910828025	0.67515923566879	0.261146496815287	0.719745222929936	0.299363057324841	0.687898089171974	0.235668789808917	0.726114649681529
158	-0.265822784810127	0.253164556962025	-0.329113924050633	0.354430379746835	0.29746835443038	0.677215189873418	0.234177215189873	0.753164556962025	0.30379746835443	0.683544303797468	0.240506329113924	0.727848101265823
159	-0.283018867924528	0.270440251572327	-0.371069182389937	0.333333333333333	0.30188679245283	0.691823899371069	0.264150943396226	0.754716981132076	0.314465408805031	0.672955974842767	0.251572327044025	0.729559748427673
160	-0.275	0.26875	-0.35625	0.3125	0.3125	0.6875	0.25625	0.75625	0.31875	0.6875	0.2625	0.71875
161	-0.273291925465839	0.267080745341615	-0.354037267080745	0.341614906832298	0.304347826086957	0.68944099378882	0.248447204968944	0.751552795031056	0.329192546583851	0.677018633540373	0.267080745341615	0.726708074534162
162	-0.240740740740741	0.259259259259259	-0.333333333333333	0.314814814814815	0.339506172839506	0.691358024691358	0.271604938271605	0.722222222222222	0.302469135802469	0.685185185185185	0.240740740740741	0.746913580246914
163	-0.245398773006135	0.257668711656442	-0.319018404907976	0.325153374233129	0.331288343558282	0.680981595092024	0.276073619631902	0.723926380368098	0.331288343558282	0.674846625766871	0.245398773006135	0.699386503067485
164	-0.274390243902439	0.268292682926829	-0.341463414634146	0.347560975609756	0.317073170731707	0.670731707317073	0.280487804878049	0.719512195121951	0.310975609756098	0.689024390243902	0.25	0.725609756097561
165	-0.254545454545455	0.266666666666667	-0.333333333333333	0.333333333333333	0.321212121212121	0.690909090909091	0.242424242424242	0.745454545454545	0.321212121212121	0.684848484848485	0.260606060606061	0.733333333333333
166	-0.265060240963855	0.259036144578313	-0.337349397590361	0.385542168674699	0.313253012048193	0.686746987951807	0.265060240963855	0.728915662650602	0.307228915662651	0.698795180722892	0.234939759036145	0.746987951807229
167	-0.281437125748503	0.263473053892216	-0.359281437125749	0.359281437125749	0.311377245508982	0.688622754491018	0.251497005988024	0.748502994011976	0.323353293413174	0.688622754491018	0.25748502994012	0.736526946107784
168	-0.255952380952381	0.25	-0.351190476190476	0.30952380952381	0.30952380952381	0.666666666666667	0.238095238095238	0.726190476190476	0.321428571428571	0.672619047619048	0.25	0.714285714285714
169	-0.248520710059172	0.254437869822485	-0.372781065088757	0.307692307692308	0.319526627218935	0.668639053254438	0.260355029585799	0.751479289940828	0.325443786982249	0.674556213017751	0.272189349112426	0.733727810650888
170	-0.264705882352941	0.258823529411765	-0.329411764705882	0.317647058823529	0.305882352941176	0.676470588235294	0.276470588235294	0.747058823529412	0.329411764705882	0.682352941176471	0.288235294117647	0.741176470588235
171	-0.263157894736842	0.251461988304094	-0.333333333333333	0.333333333333333	0.315789473684211	0.678362573099415	0.269005847953216	0.736842105263158	0.321637426900585	0.678362573099415	0.280701754385965	0.713450292397661
172	-0.25	0.255813953488372	-0.348837209302326	0.308139534883721	0.313953488372093	0.686046511627907	0.25	0.726744186046512	0.313953488372093	0.674418604651163	0.27906976744186	0.744186046511628
173	-0.254335260115607	0.277456647398844	-0.341040462427746	0.375722543352601	0.335260115606936	0.687861271676301	0.294797687861272	0.734104046242775	0.300578034682081	0.69364161849711	0.242774566473988	0.739884393063584
174	-0.241379310344828	0.258620689655172	-0.350574712643678	0.32183908045977	0.304597701149425	0.689655172413793	0.264367816091954	0.735632183908046	0.316091954022989	0.683908045977011	0.264367816091954	0.718390804597701
175	-0.262857142857143	0.251428571428571	-0.371428571428571	0.354285714285714	0.32	0.685714285714286	0.285714285714286	0.731428571428571	0.325714285714286	0.674285714285714	0.257142857142857	0.731428571428571
176	-0.25	0.267045454545455	-0.318181818181818	0.335227272727273	0.329545454545455	0.698863636363636	0.278409090909091	0.738636363636364	0.323863636363636	0.681818181818182	0.255681818181818	0.715909090909091
177	-0.271186440677966	0.242937853107345	-0.350282485875706	0.310734463276836	0.31638418079096	0.672316384180791	0.254237288135593	0.717514124293785	0.310734463276836	0.68361581920904	0.27683615819209	0.740112994350282
178	-0.241573033707865	0.252808988764045	-0.320224719101124	0.320224719101124	0.320224719101124	0.679775280898876	0.264044943820225	0.741573033707865	0.325842696629214	0.674157303370786	0.286516853932584	0.707865168539326
179	-0.251396648044693	0.251396648044693	-0.318435754189944	0.324022346368715	0.324022346368715	0.675977653631285	0.279329608938547	0.731843575418994	0.324022346368715	0.675977653631285	0.279329608938547	0.720670391061452
180	-0.272222222222222	0.255555555555556	-0.361111111111111	0.333333333333333	0.305555555555556	0.683333333333333	0.261111111111111	0.738888888888889	0.322222222222222	0.677777777777778	0.255555555555556	0.727777777777778
181	-0.265193370165746	0.25414364640884	-0.353591160220994	0.331491712707182	0.331491712707182	0.696132596685083	0.287292817679558	0.762430939226519	0.320441988950276	0.685082872928177	0.276243093922652	0.729281767955801
182	-0.258241758241758	0.263736263736264	-0.335164835164835	0.351648351648352	0.32967032967033	0.675824175824176	0.269230769230769	0.714285714285714	0.307692307692308	0.675824175824176	0.252747252747253	0.730769230769231
183	-0.251366120218579	0.26775956284153	-0.366120218579235	0.322404371584699	0.311475409836066	0.677595628415301	0.251366120218579	0.743169398907104	0.311475409836066	0.683060109289617	0.273224043715847	0.743169398907104
184	-0.277173913043478	0.255434782608696	-0.353260869565217	0.298913043478261	0.331521739130435	0.673913043478261	0.25	0.728260869565217	0.315217391304348	0.673913043478261	0.260869565217391	0.744565217391304
185	-0.259459459459459	0.254054054054054	-0.345945945945946	0.308108108108108	0.318918918918919	0.686486486486486	0.281081081081081	0.751351351351351	0.32972972972973	0.691891891891892	0.286486486486487	0.735135135135135
186	-0.258064516129032	0.279569892473118	-0.32258064516129	0.327956989247312	0.327956989247312	0.688172043010753	0.274193548387097	0.741935483870968	0.32258064516129	0.688172043010753	0.268817204301075	0.720430107526882
187	-0.267379679144385	0.251336898395722	-0.368983957219251	0.315508021390374	0.304812834224599	0.679144385026738	0.245989304812834	0.732620320855615	0.320855614973262	0.684491978609626	0.27807486631016	0.74331550802139
188	-0.25531914893617	0.281914893617021	-0.329787234042553	0.335106382978723	0.319148936170213	0.680851063829787	0.26063829787234	0.74468085106383	0.303191489361702	0.686170212765957	0.25531914893617	0.75531914893617
189	-0.243386243386243	0.264550264550265	-0.333333333333333	0.386243386243386	0.312169312169312	0.677248677248677	0.26984126984127	0.708994708994709	0.312169312169312	0.671957671957672	0.26984126984127	0.71957671957672
190	-0.247368421052632	0.257894736842105	-0.336842105263158	0.326315789473684	0.326315789473684	0.678947368421053	0.268421052631579	0.721052631578947	0.315789473684211	0.668421052631579	0.263157894736842	0.726315789473684
191	-0.267015706806283	0.246073298429319	-0.356020942408377	0.324607329842932	0.319371727748691	0.68586387434555	0.25130890052356	0.722513089005236	0.319371727748691	0.68586387434555	0.267015706806283	0.732984293193717
192	-0.276041666666667	0.244791666666667	-0.385416666666667	0.317708333333333	0.296875	0.682291666666667	0.255208333333333	0.723958333333333	0.322916666666667	0.671875	0.276041666666667	0.744791666666667
193	-0.264248704663212	0.259067357512953	-0.316062176165803	0.336787564766839	0.321243523316062	0.689119170984456	0.253886010362694	0.735751295336788	0.316062176165803	0.689119170984456	0.259067357512953	0.725388601036269
194	-0.268041237113402	0.247422680412371	-0.329896907216495	0.304123711340206	0.319587628865979	0.670103092783505	0.252577319587629	0.72680412371134	0.335051546391753	0.685567010309278	0.268041237113402	0.731958762886598
195	-0.256410256410256	0.266666666666667	-0.323076923076923	0.328205128205128	0.312820512820513	0.687179487179487	0.266666666666667	0.738461538461539	0.328205128205128	0.692307692307692	0.266666666666667	0.743589743589744
196	-0.255102040816326	0.270408163265306	-0.341836734693878	0.316326530612245	0.306122448979592	0.693877551020408	0.25	0.755102040816326	0.306122448979592	0.678571428571429	0.255102040816327	0.729591836734694
197	-0.274111675126904	0.248730964467005	-0.365482233502538	0.319796954314721	0.314720812182741	0.66497461928934	0.269035532994924	0.730964467005076	0.3248730964467	0.6751269035533	0.269035532994924	0.736040609137056
198	-0.257575757575758	0.262626262626263	-0.308080808080808	0.343434343434343	0.313131313131313	0.686868686868687	0.252525252525253	0.732323232323232	0.323232323232323	0.686868686868687	0.282828282828283	0.742424242424242
199	-0.276381909547739	0.271356783919598	-0.351758793969849	0.326633165829146	0.316582914572864	0.688442211055276	0.261306532663317	0.758793969849246	0.316582914572864	0.678391959798995	0.256281407035176	0.748743718592965
200	-0.26	0.27	-0.31	0.355	0.325	0.69	0.26	0.755	0.32	0.67	0.255	0.735
201	-0.238805970149254	0.243781094527363	-0.348258706467662	0.318407960199005	0.333333333333333	0.666666666666667	0.258706467661692	0.736318407960199	0.318407960199005	0.691542288557214	0.258706467661692	0.716417910447761
202	-0.257425742574257	0.247524752475248	-0.351485148514852	0.351485148514852	0.301980198019802	0.693069306930693	0.247524752475248	0.742574257425743	0.316831683168317	0.678217821782178	0.282178217821782	0.757425742574257
203	-0.246305418719212	0.251231527093596	-0.310344827586207	0.334975369458128	0.315270935960591	0.669950738916256	0.280788177339901	0.714285714285714	0.305418719211823	0.665024630541872	0.266009852216749	0.714285714285714
204	-0.235294117647059	0.230392156862745	-0.308823529411765	0.294117647058823	0.323529411764706	0.67156862745098	0.264705882352941	0.71078431372549	0.333333333333333	0.676470588235294	0.269607843137255	0.745098039215686
205	-0.263414634146341	0.282926829268293	-0.351219512195122	0.336585365853659	0.321951219512195	0.682926829268293	0.273170731707317	0.726829268292683	0.307317073170732	0.68780487804878	0.258536585365854	0.751219512195122
206	-0.247572815533981	0.252427184466019	-0.364077669902913	0.344660194174757	0.330097087378641	0.679611650485437	0.281553398058252	0.718446601941748	0.315533980582524	0.66504854368932	0.262135922330097	0.733009708737864
207	-0.256038647342995	0.246376811594203	-0.342995169082126	0.367149758454106	0.328502415458937	0.681159420289855	0.280193236714976	0.729468599033816	0.328502415458937	0.676328502415459	0.27536231884058	0.734299516908213
208	-0.283653846153846	0.25	-0.350961538461538	0.302884615384615	0.302884615384615	0.677884615384615	0.259615384615385	0.706730769230769	0.3125	0.682692307692308	0.274038461538462	0.735576923076923
209	-0.248803827751196	0.229665071770335	-0.37799043062201	0.30622009569378	0.311004784688995	0.674641148325359	0.258373205741627	0.717703349282297	0.315789473684211	0.674641148325359	0.258373205741627	0.741626794258373
210	-0.257142857142857	0.242857142857143	-0.319047619047619	0.314285714285714	0.319047619047619	0.671428571428571	0.266666666666667	0.723809523809524	0.319047619047619	0.676190476190476	0.257142857142857	0.733333333333333
211	-0.255924170616114	0.251184834123223	-0.322274881516588	0.317535545023697	0.322274881516588	0.672985781990521	0.279620853080569	0.739336492890995	0.308056872037915	0.66824644549763	0.246445497630332	0.71563981042654
212	-0.268867924528302	0.25	-0.344339622641509	0.320754716981132	0.311320754716981	0.669811320754717	0.259433962264151	0.712264150943396	0.30188679245283	0.674528301886792	0.259433962264151	0.721698113207547
213	-0.248826291079812	0.230046948356808	-0.352112676056338	0.314553990610329	0.323943661971831	0.68075117370892	0.272300469483568	0.732394366197183	0.314553990610329	0.685446009389671	0.258215962441315	0.746478873239437
214	-0.266355140186916	0.247663551401869	-0.336448598130841	0.327102803738318	0.317757009345794	0.668224299065421	0.261682242990654	0.719626168224299	0.322429906542056	0.691588785046729	0.261682242990654	0.766355140186916
215	-0.26046511627907	0.279069767441861	-0.344186046511628	0.348837209302326	0.316279069767442	0.67906976744186	0.26046511627907	0.753488372093023	0.325581395348837	0.67906976744186	0.265116279069767	0.730232558139535
216	-0.263888888888889	0.263888888888889	-0.351851851851852	0.324074074074074	0.310185185185185	0.671296296296296	0.273148148148148	0.74537037037037	0.305555555555556	0.680555555555556	0.25	0.74537037037037
217	-0.262672811059908	0.248847926267281	-0.317972350230415	0.308755760368664	0.32258064516129	0.695852534562212	0.276497695852535	0.751152073732719	0.32258064516129	0.682027649769585	0.258064516129032	0.755760368663594
218	-0.270642201834862	0.243119266055046	-0.325688073394495	0.325688073394495	0.330275229357798	0.669724770642202	0.284403669724771	0.720183486238532	0.330275229357798	0.678899082568807	0.26605504587156	0.715596330275229
219	-0.251141552511416	0.251141552511416	-0.328767123287671	0.342465753424658	0.333333333333333	0.680365296803653	0.251141552511416	0.753424657534247	0.319634703196347	0.689497716894977	0.278538812785388	0.73972602739726
220	-0.254545454545455	0.245454545454545	-0.35	0.3	0.318181818181818	0.677272727272727	0.240909090909091	0.736363636363636	0.322727272727273	0.672727272727273	0.259090909090909	0.718181818181818
221	-0.271493212669683	0.253393665158371	-0.357466063348416	0.339366515837104	0.316742081447964	0.660633484162896	0.248868778280543	0.733031674208145	0.312217194570136	0.678733031674208	0.280542986425339	0.723981900452489
222	-0.252252252252252	0.265765765765766	-0.342342342342342	0.355855855855856	0.301801801801802	0.68018018018018	0.252252252252252	0.734234234234234	0.310810810810811	0.684684684684685	0.234234234234234	0.734234234234234
223	-0.260089686098655	0.26457399103139	-0.322869955156951	0.327354260089686	0.318385650224215	0.681614349775785	0.246636771300448	0.744394618834081	0.322869955156951	0.68609865470852	0.255605381165919	0.717488789237668
224	-0.258928571428571	0.254464285714286	-0.34375	0.357142857142857	0.299107142857143	0.683035714285714	0.232142857142857	0.71875	0.3125	0.665178571428571	0.263392857142857	0.705357142857143
225	-0.257777777777778	0.248888888888889	-0.328888888888889	0.351111111111111	0.32	0.684444444444444	0.28	0.724444444444444	0.311111111111111	0.671111111111111	0.222222222222222	0.742222222222222
226	-0.243362831858407	0.261061946902655	-0.336283185840708	0.323008849557522	0.336283185840708	0.68141592920354	0.265486725663717	0.747787610619469	0.31858407079646	0.676991150442478	0.265486725663717	0.743362831858407
227	-0.255506607929515	0.26431718061674	-0.33920704845815	0.334801762114537	0.3215859030837	0.696035242290749	0.242290748898678	0.748898678414097	0.317180616740088	0.6784140969163	0.268722466960352	0.709251101321586
228	-0.245614035087719	0.263157894736842	-0.293859649122807	0.364035087719298	0.324561403508772	0.679824561403509	0.276315789473684	0.741228070175439	0.324561403508772	0.675438596491228	0.258771929824561	0.706140350877193
229	-0.244541484716157	0.25764192139738	-0.279475982532751	0.310043668122271	0.331877729257642	0.681222707423581	0.292576419213974	0.759825327510917	0.323144104803493	0.672489082969432	0.279475982532751	0.707423580786026
230	-0.265217391304348	0.265217391304348	-0.365217391304348	0.356521739130435	0.31304347826087	0.669565217391304	0.260869565217391	0.747826086956522	0.317391304347826	0.682608695652174	0.256521739130435	0.726086956521739
231	-0.251082251082251	0.255411255411255	-0.311688311688312	0.363636363636364	0.329004329004329	0.683982683982684	0.281385281385281	0.722943722943723	0.333333333333333	0.67965367965368	0.294372294372294	0.74025974025974
232	-0.258620689655172	0.237068965517241	-0.318965517241379	0.28448275862069	0.336206896551724	0.672413793103448	0.28448275862069	0.728448275862069	0.318965517241379	0.672413793103448	0.262931034482759	0.724137931034483
233	-0.253218884120172	0.253218884120172	-0.309012875536481	0.32618025751073	0.32618025751073	0.67381974248927	0.278969957081545	0.721030042918455	0.330472103004292	0.67381974248927	0.278969957081545	0.721030042918455
234	-0.273504273504274	0.243589743589744	-0.337606837606838	0.341880341880342	0.320512820512821	0.688034188034188	0.252136752136752	0.739316239316239	0.320512820512821	0.67948717948718	0.269230769230769	0.705128205128205
235	-0.246808510638298	0.246808510638298	-0.361702127659574	0.319148936170213	0.327659574468085	0.672340425531915	0.272340425531915	0.727659574468085	0.314893617021277	0.672340425531915	0.259574468085106	0.719148936170213
236	-0.258474576271186	0.241525423728814	-0.330508474576271	0.334745762711864	0.326271186440678	0.677966101694915	0.279661016949153	0.733050847457627	0.330508474576271	0.673728813559322	0.266949152542373	0.707627118644068
237	-0.244725738396624	0.261603375527426	-0.308016877637131	0.345991561181435	0.312236286919831	0.683544303797468	0.257383966244726	0.746835443037975	0.324894514767932	0.675105485232067	0.270042194092827	0.721518987341772
238	-0.264705882352941	0.243697478991597	-0.352941176470588	0.323529411764706	0.319327731092437	0.676470588235294	0.252100840336134	0.747899159663866	0.323529411764706	0.697478991596639	0.264705882352941	0.747899159663866
239	-0.267782426778243	0.246861924686192	-0.343096234309623	0.309623430962343	0.317991631799163	0.665271966527197	0.255230125523013	0.707112970711297	0.322175732217573	0.673640167364017	0.251046025104602	0.736401673640167
240	-0.254166666666667	0.25	-0.2875	0.320833333333333	0.3125	0.658333333333333	0.241666666666667	0.695833333333333	0.316666666666667	0.666666666666667	0.2625	0.7125
241	-0.24896265560166	0.261410788381743	-0.33195020746888	0.33195020746888	0.319502074688797	0.684647302904564	0.24896265560166	0.730290456431535	0.315352697095436	0.684647302904564	0.257261410788382	0.738589211618257
242	-0.260330578512397	0.268595041322314	-0.338842975206612	0.363636363636364	0.326446280991736	0.681818181818182	0.256198347107438	0.727272727272727	0.322314049586777	0.677685950413223	0.268595041322314	0.735537190082645
243	-0.242798353909465	0.242798353909465	-0.300411522633745	0.292181069958848	0.312757201646091	0.674897119341564	0.267489711934156	0.728395061728395	0.329218106995885	0.654320987654321	0.283950617283951	0.711934156378601
244	-0.241803278688525	0.258196721311475	-0.30327868852459	0.30327868852459	0.323770491803279	0.680327868852459	0.266393442622951	0.729508196721312	0.331967213114754	0.668032786885246	0.299180327868852	0.709016393442623
245	-0.253061224489796	0.248979591836735	-0.322448979591837	0.33469387755102	0.318367346938775	0.681632653061224	0.257142857142857	0.73469387755102	0.330612244897959	0.673469387755102	0.285714285714286	0.726530612244898
246	-0.239837398373984	0.268292682926829	-0.333333333333333	0.321138211382114	0.329268292682927	0.678861788617886	0.272357723577236	0.723577235772358	0.313008130081301	0.678861788617886	0.264227642276423	0.707317073170732
247	-0.263157894736842	0.246963562753036	-0.340080971659919	0.319838056680162	0.311740890688259	0.676113360323887	0.271255060728745	0.720647773279352	0.319838056680162	0.663967611336032	0.267206477732794	0.720647773279352
248	-0.262096774193548	0.245967741935484	-0.370967741935484	0.338709677419355	0.334677419354839	0.685483870967742	0.286290322580645	0.725806451612903	0.314516129032258	0.685483870967742	0.254032258064516	0.745967741935484
249	-0.232931726907631	0.240963855421687	-0.317269076305221	0.345381526104418	0.333333333333333	0.686746987951807	0.269076305220884	0.742971887550201	0.321285140562249	0.666666666666667	0.273092369477912	0.730923694779116
250	-0.248	0.236	-0.348	0.288	0.324	0.68	0.26	0.74	0.32	0.668	0.276	0.748
251	-0.258964143426295	0.235059760956175	-0.350597609561753	0.294820717131474	0.318725099601594	0.669322709163347	0.278884462151394	0.725099601593626	0.326693227091633	0.693227091633466	0.262948207171315	0.725099601593626
252	-0.25	0.238095238095238	-0.333333333333333	0.329365079365079	0.321428571428571	0.670634920634921	0.234126984126984	0.726190476190476	0.321428571428571	0.682539682539683	0.277777777777778	0.722222222222222
253	-0.256916996047431	0.24901185770751	-0.324110671936759	0.316205533596838	0.316205533596838	0.671936758893281	0.268774703557312	0.715415019762846	0.320158102766798	0.695652173913043	0.288537549407115	0.74703557312253
254	-0.263779527559055	0.240157480314961	-0.322834645669291	0.318897637795276	0.322834645669291	0.681102362204724	0.251968503937008	0.736220472440945	0.318897637795276	0.68503937007874	0.259842519685039	0.751968503937008
255	-0.243137254901961	0.270588235294118	-0.329411764705882	0.333333333333333	0.317647058823529	0.67843137254902	0.258823529411765	0.713725490196078	0.32156862745098	0.686274509803922	0.262745098039216	0.745098039215686
256	-0.2578125	0.26171875	-0.328125	0.296875	0.30859375	0.671875	0.265625	0.73046875	0.33203125	0.671875	0.2734375	0.73046875
257	-0.260700389105058	0.245136186770428	-0.330739299610895	0.319066147859922	0.307392996108949	0.66147859922179	0.252918287937743	0.731517509727626	0.315175097276265	0.688715953307393	0.268482490272374	0.727626459143969
258	-0.25968992248062	0.25968992248062	-0.306201550387597	0.344961240310078	0.317829457364341	0.682170542635659	0.27906976744186	0.709302325581395	0.321705426356589	0.674418604651163	0.255813953488372	0.744186046511628
259	-0.258687258687259	0.266409266409266	-0.328185328185328	0.335907335907336	0.312741312741313	0.691119691119691	0.250965250965251	0.741312741312741	0.324324324324324	0.675675675675676	0.277992277992278	0.745173745173745
260	-0.25	0.253846153846154	-0.3	0.346153846153846	0.323076923076923	0.676923076923077	0.269230769230769	0.711538461538462	0.315384615384615	0.657692307692308	0.223076923076923	0.711538461538462
261	-0.268199233716475	0.256704980842912	-0.344827586206897	0.348659003831418	0.32183908045977	0.674329501915709	0.260536398467433	0.71264367816092	0.314176245210728	0.674329501915709	0.252873563218391	0.704980842911877
262	-0.244274809160305	0.236641221374046	-0.316793893129771	0.324427480916031	0.324427480916031	0.67175572519084	0.259541984732824	0.729007633587786	0.309160305343511	0.683206106870229	0.240458015267176	0.729007633587786
263	-0.258555133079848	0.228136882129278	-0.334600760456274	0.315589353612167	0.315589353612167	0.67680608365019	0.273764258555133	0.745247148288973	0.326996197718631	0.680608365019011	0.273764258555133	0.741444866920152
264	-0.257575757575758	0.257575757575758	-0.356060606060606	0.321969696969697	0.329545454545455	0.685606060606061	0.268939393939394	0.715909090909091	0.310606060606061	0.678030303030303	0.238636363636364	0.71969696969697
265	-0.256603773584906	0.256603773584906	-0.309433962264151	0.309433962264151	0.324528301886792	0.671698113207547	0.271698113207547	0.724528301886792	0.332075471698113	0.660377358490566	0.267924528301887	0.724528301886792
266	-0.255639097744361	0.240601503759399	-0.323308270676692	0.300751879699248	0.319548872180451	0.672932330827068	0.266917293233083	0.710526315789474	0.330827067669173	0.684210526315789	0.266917293233083	0.714285714285714
267	-0.243445692883895	0.250936329588015	-0.363295880149813	0.348314606741573	0.322097378277154	0.674157303370786	0.258426966292135	0.715355805243446	0.333333333333333	0.677902621722846	0.262172284644195	0.730337078651685
268	-0.25	0.261194029850746	-0.313432835820896	0.343283582089552	0.324626865671642	0.675373134328358	0.261194029850746	0.735074626865672	0.324626865671642	0.682835820895522	0.276119402985075	0.723880597014925
269	-0.230483271375465	0.282527881040892	-0.342007434944238	0.356877323420074	0.327137546468401	0.669144981412639	0.275092936802974	0.732342007434944	0.315985130111524	0.680297397769517	0.211895910780669	0.75092936802974
270	-0.244444444444444	0.244444444444444	-0.322222222222222	0.303703703703704	0.32962962962963	0.67037037037037	0.281481481481481	0.707407407407407	0.322222222222222	0.677777777777778	0.240740740740741	0.72962962962963
271	-0.250922509225092	0.254612546125461	-0.346863468634686	0.335793357933579	0.321033210332103	0.678966789667897	0.280442804428044	0.726937269372694	0.317343173431734	0.675276752767528	0.239852398523985	0.74169741697417
272	-0.246323529411765	0.235294117647059	-0.327205882352941	0.319852941176471	0.301470588235294	0.665441176470588	0.246323529411765	0.702205882352941	0.319852941176471	0.676470588235294	0.279411764705882	0.716911764705882
273	-0.256410256410256	0.252747252747253	-0.32967032967033	0.315018315018315	0.311355311355311	0.677655677655678	0.26007326007326	0.725274725274725	0.32967032967033	0.663003663003663	0.274725274725275	0.725274725274725
274	-0.251824817518248	0.259124087591241	-0.324817518248175	0.31021897810219	0.324817518248175	0.682481751824818	0.237226277372263	0.72992700729927	0.313868613138686	0.682481751824818	0.281021897810219	0.722627737226277
275	-0.250909090909091	0.250909090909091	-0.327272727272727	0.301818181818182	0.32	0.68	0.265454545454545	0.716363636363636	0.323636363636364	0.669090909090909	0.269090909090909	0.709090909090909
276	-0.260869565217391	0.246376811594203	-0.318840579710145	0.289855072463768	0.322463768115942	0.681159420289855	0.239130434782609	0.728260869565217	0.329710144927536	0.677536231884058	0.289855072463768	0.72463768115942
277	-0.249097472924188	0.256317689530686	-0.32129963898917	0.328519855595668	0.32129963898917	0.682310469314079	0.267148014440433	0.743682310469314	0.328519855595668	0.685920577617328	0.267148014440433	0.750902527075812
278	-0.266187050359712	0.248201438848921	-0.341726618705036	0.298561151079137	0.294964028776978	0.68705035971223	0.244604316546763	0.744604316546763	0.334532374100719	0.672661870503597	0.276978417266187	0.712230215827338
279	-0.272401433691756	0.254480286738351	-0.347670250896057	0.336917562724014	0.315412186379928	0.670250896057348	0.261648745519713	0.738351254480287	0.318996415770609	0.666666666666667	0.279569892473118	0.724014336917563
280	-0.235714285714286	0.267857142857143	-0.317857142857143	0.357142857142857	0.335714285714286	0.685714285714286	0.25	0.739285714285714	0.314285714285714	0.675	0.239285714285714	0.717857142857143
281	-0.241992882562278	0.259786476868327	-0.323843416370107	0.341637010676157	0.309608540925267	0.683274021352313	0.263345195729537	0.736654804270463	0.320284697508897	0.672597864768683	0.245551601423488	0.725978647686833
282	-0.25177304964539	0.24113475177305	-0.347517730496454	0.290780141843972	0.315602836879433	0.677304964539007	0.265957446808511	0.719858156028369	0.336879432624113	0.684397163120567	0.297872340425532	0.74113475177305
283	-0.257950530035336	0.236749116607774	-0.346289752650177	0.332155477031802	0.321554770318021	0.667844522968198	0.275618374558304	0.717314487632509	0.325088339222615	0.692579505300353	0.268551236749117	0.720848056537102
284	-0.23943661971831	0.264084507042254	-0.320422535211268	0.320422535211268	0.309859154929577	0.683098591549296	0.246478873239437	0.72887323943662	0.316901408450704	0.669014084507042	0.264084507042254	0.714788732394366
285	-0.231578947368421	0.256140350877193	-0.329824561403509	0.343859649122807	0.329824561403509	0.680701754385965	0.291228070175439	0.743859649122807	0.333333333333333	0.673684210526316	0.270175438596491	0.72280701754386
286	-0.251748251748252	0.255244755244755	-0.328671328671329	0.332167832167832	0.311188811188811	0.681818181818182	0.258741258741259	0.734265734265734	0.339160839160839	0.678321678321678	0.283216783216783	0.723776223776224
287	-0.24390243902439	0.261324041811847	-0.355400696864111	0.334494773519164	0.32404181184669	0.686411149825784	0.240418118466899	0.738675958188153	0.32404181184669	0.67595818815331	0.271777003484321	0.735191637630662
288	-0.256944444444444	0.239583333333333	-0.315972222222222	0.3125	0.322916666666667	0.663194444444444	0.260416666666667	0.715277777777778	0.319444444444444	0.670138888888889	0.28125	0.711805555555556
289	-0.242214532871972	0.249134948096886	-0.29757785467128	0.325259515570934	0.325259515570934	0.681660899653979	0.28719723183391	0.737024221453287	0.325259515570934	0.674740484429066	0.249134948096886	0.709342560553633
290	-0.26551724137931	0.262068965517241	-0.331034482758621	0.324137931034483	0.313793103448276	0.672413793103448	0.262068965517241	0.731034482758621	0.33448275862069	0.686206896551724	0.268965517241379	0.751724137931034
291	-0.25085910652921	0.257731958762887	-0.336769759450172	0.343642611683849	0.316151202749141	0.676975945017182	0.264604810996564	0.762886597938144	0.329896907216495	0.670103092783505	0.254295532646048	0.721649484536082
292	-0.246575342465753	0.246575342465753	-0.301369863013699	0.363013698630137	0.332191780821918	0.684931506849315	0.287671232876712	0.726027397260274	0.332191780821918	0.678082191780822	0.273972602739726	0.736301369863014
293	-0.249146757679181	0.252559726962457	-0.324232081911263	0.331058020477816	0.324232081911263	0.665529010238908	0.26962457337884	0.73037542662116	0.327645051194539	0.665529010238908	0.266211604095563	0.706484641638225
294	-0.251700680272109	0.23469387755102	-0.32312925170068	0.306122448979592	0.316326530612245	0.673469387755102	0.261904761904762	0.717687074829932	0.32312925170068	0.673469387755102	0.289115646258503	0.710884353741497
295	-0.257627118644068	0.250847457627119	-0.349152542372881	0.338983050847458	0.328813559322034	0.661016949152542	0.264406779661017	0.71864406779661	0.328813559322034	0.68135593220339	0.267796610169492	0.725423728813559
296	-0.277027027027027	0.236486486486486	-0.364864864864865	0.327702702702703	0.317567567567568	0.658783783783784	0.246621621621622	0.716216216216216	0.327702702702703	0.685810810810811	0.273648648648649	0.760135135135135
297	-0.242424242424242	0.235690235690236	-0.343434343434343	0.367003367003367	0.31986531986532	0.673400673400673	0.282828282828283	0.730639730639731	0.316498316498317	0.686868686868687	0.245791245791246	0.737373737373737
298	-0.248322147651007	0.261744966442953	-0.305369127516779	0.322147651006711	0.318791946308725	0.667785234899329	0.261744966442953	0.711409395973154	0.318791946308725	0.674496644295302	0.26510067114094	0.721476510067114
299	-0.264214046822742	0.234113712374582	-0.311036789297659	0.324414715719064	0.31438127090301	0.662207357859532	0.264214046822742	0.702341137123746	0.321070234113712	0.672240802675585	0.280936454849498	0.729096989966555
300	-0.246666666666667	0.26	-0.34	0.33	0.33	0.683333333333333	0.256666666666667	0.73	0.316666666666667	0.666666666666667	0.27	0.72
