DEPTH	P_L_95	P_H_95	P_L_99	P_H_99	P_L_95_A	P_H_95_A	P_L_99_A	P_H_99_A	P_L_95_B	P_H_95_B	P_L_99_B	P_H_99_B
1	-1	1	-1	1	0	1	0	1	0	1	0	1
2	-1	1	-1	1	0	1	0	1	0	1	0	1
3	-0.666666666666667	0.666666666666667	-1	1	0	1	0	1	0	1	0	1
4	-0.75	0.75	-0.75	0.75	0	1	0	1	0	1	0	1
5	-0.6	0.6	-0.8	0.8	0	1	0	1	0	1	0	1
6	-0.5	0.5	-0.666666666666667	0.666666666666667	0.166666666666667	0.833333333333333	0	1	0.166666666666667	1	0	1
7	-0.571428571428571	0.571428571428571	-0.714285714285714	0.714285714285714	0.142857142857143	0.857142857142857	0	1	0.142857142857143	0.857142857142857	0	1
8	-0.5	0.5	-0.75	0.625	0.125	0.875	0.125	0.875	0.125	0.875	0	1
9	-0.444444444444444	0.444444444444444	-0.555555555555556	0.555555555555556	0.222222222222222	0.888888888888889	0	0.888888888888889	0.222222222222222	0.888888888888889	0.111111111111111	0.888888888888889
10	-0.5	0.5	-0.6	0.6	0.2	0.8	0.1	0.9	0.2	0.8	0.1	0.9
11	-0.454545454545455	0.454545454545455	-0.545454545454546	0.545454545454545	0.181818181818182	0.818181818181818	0.0909090909090909	0.909090909090909	0.181818181818182	0.818181818181818	0.0909090909090909	0.909090909090909
12	-0.416666666666667	0.416666666666667	-0.5	0.5	0.166666666666667	0.833333333333333	0.0833333333333333	0.916666666666667	0.25	0.833333333333333	0.166666666666667	0.916666666666667
13	-0.384615384615385	0.384615384615385	-0.538461538461539	0.538461538461539	0.230769230769231	0.769230769230769	0.0769230769230769	0.846153846153846	0.230769230769231	0.769230769230769	0.0769230769230769	0.846153846153846
14	-0.428571428571429	0.428571428571429	-0.5	0.571428571428571	0.214285714285714	0.785714285714286	0.142857142857143	0.857142857142857	0.214285714285714	0.785714285714286	0.214285714285714	0.857142857142857
15	-0.4	0.4	-0.533333333333333	0.533333333333333	0.2	0.733333333333333	0.133333333333333	0.866666666666667	0.2	0.8	0.133333333333333	0.866666666666667
16	-0.375	0.375	-0.5	0.5625	0.25	0.75	0.125	0.875	0.25	0.75	0.125	0.875
17	-0.352941176470588	0.352941176470588	-0.470588235294118	0.470588235294118	0.235294117647059	0.764705882352941	0.176470588235294	0.823529411764706	0.235294117647059	0.764705882352941	0.176470588235294	0.823529411764706
18	-0.333333333333333	0.388888888888889	-0.444444444444445	0.444444444444445	0.222222222222222	0.777777777777778	0.111111111111111	0.833333333333333	0.222222222222222	0.777777777777778	0.166666666666667	0.833333333333333
19	-0.368421052631579	0.315789473684211	-0.473684210526316	0.421052631578947	0.263157894736842	0.736842105263158	0.157894736842105	0.789473684210526	0.263157894736842	0.736842105263158	0.157894736842105	0.842105263157895
20	-0.4	0.35	-0.45	0.45	0.25	0.75	0.2	0.8	0.25	0.75	0.2	0.8
21	-0.333333333333333	0.380952380952381	-0.428571428571429	0.476190476190476	0.238095238095238	0.761904761904762	0.19047619047619	0.857142857142857	0.238095238095238	0.714285714285714	0.19047619047619	0.761904761904762
22	-0.363636363636364	0.318181818181818	-0.5	0.409090909090909	0.272727272727273	0.727272727272727	0.181818181818182	0.818181818181818	0.272727272727273	0.772727272727273	0.227272727272727	0.818181818181818
23	-0.304347826086957	0.304347826086957	-0.434782608695652	0.391304347826087	0.260869565217391	0.739130434782609	0.217391304347826	0.826086956521739	0.304347826086957	0.739130434782609	0.217391304347826	0.782608695652174
24	-0.333333333333333	0.333333333333333	-0.416666666666667	0.458333333333333	0.25	0.708333333333333	0.166666666666667	0.833333333333333	0.25	0.75	0.166666666666667	0.791666666666667
25	-0.32	0.32	-0.4	0.4	0.28	0.72	0.2	0.76	0.28	0.72	0.2	0.8
26	-0.346153846153846	0.307692307692308	-0.423076923076923	0.423076923076923	0.269230769230769	0.730769230769231	0.230769230769231	0.769230769230769	0.269230769230769	0.730769230769231	0.192307692307692	0.807692307692308
27	-0.296296296296296	0.296296296296296	-0.407407407407407	0.444444444444444	0.296296296296296	0.703703703703704	0.222222222222222	0.777777777777778	0.259259259259259	0.740740740740741	0.185185185185185	0.777777777777778
28	-0.285714285714286	0.321428571428571	-0.392857142857143	0.428571428571429	0.285714285714286	0.714285714285714	0.214285714285714	0.785714285714286	0.285714285714286	0.714285714285714	0.214285714285714	0.785714285714286
29	-0.275862068965517	0.310344827586207	-0.413793103448276	0.413793103448276	0.275862068965517	0.724137931034483	0.241379310344828	0.793103448275862	0.275862068965517	0.724137931034483	0.206896551724138	0.793103448275862
30	-0.3	0.333333333333333	-0.433333333333333	0.4	0.266666666666667	0.733333333333333	0.2	0.8	0.266666666666667	0.733333333333333	0.233333333333333	0.766666666666667
31	-0.32258064516129	0.290322580645161	-0.387096774193548	0.387096774193548	0.290322580645161	0.709677419354839	0.225806451612903	0.774193548387097	0.290322580645161	0.709677419354839	0.193548387096774	0.774193548387097
32	-0.3125	0.3125	-0.375	0.40625	0.28125	0.71875	0.21875	0.75	0.28125	0.71875	0.21875	0.78125
33	-0.303030303030303	0.333333333333333	-0.424242424242424	0.424242424242424	0.303030303030303	0.727272727272727	0.242424242424242	0.818181818181818	0.303030303030303	0.696969696969697	0.212121212121212	0.787878787878788
34	-0.294117647058824	0.294117647058824	-0.411764705882353	0.352941176470588	0.294117647058824	0.705882352941177	0.235294117647059	0.764705882352941	0.294117647058824	0.705882352941177	0.264705882352941	0.794117647058823
35	-0.285714285714286	0.285714285714286	-0.4	0.371428571428571	0.285714285714286	0.714285714285714	0.228571428571429	0.771428571428571	0.285714285714286	0.714285714285714	0.2	0.771428571428571
36	-0.277777777777778	0.277777777777778	-0.388888888888889	0.361111111111111	0.305555555555556	0.694444444444444	0.222222222222222	0.777777777777778	0.305555555555556	0.694444444444444	0.25	0.75
37	-0.297297297297297	0.324324324324324	-0.378378378378378	0.405405405405405	0.297297297297297	0.702702702702703	0.189189189189189	0.756756756756757	0.297297297297297	0.702702702702703	0.243243243243243	0.783783783783784
38	-0.289473684210526	0.263157894736842	-0.368421052631579	0.342105263157895	0.289473684210526	0.684210526315789	0.210526315789474	0.736842105263158	0.315789473684211	0.710526315789474	0.236842105263158	0.763157894736842
39	-0.282051282051282	0.256410256410256	-0.358974358974359	0.333333333333333	0.307692307692308	0.692307692307692	0.256410256410256	0.769230769230769	0.307692307692308	0.717948717948718	0.256410256410256	0.769230769230769
40	-0.3	0.275	-0.375	0.35	0.3	0.7	0.25	0.75	0.3	0.7	0.25	0.75
41	-0.292682926829268	0.24390243902439	-0.365853658536585	0.317073170731707	0.292682926829268	0.682926829268293	0.24390243902439	0.731707317073171	0.317073170731707	0.707317073170732	0.24390243902439	0.75609756097561
42	-0.285714285714286	0.285714285714286	-0.428571428571429	0.357142857142857	0.30952380952381	0.69047619047619	0.261904761904762	0.761904761904762	0.30952380952381	0.69047619047619	0.238095238095238	0.738095238095238
43	-0.27906976744186	0.27906976744186	-0.395348837209302	0.348837209302326	0.302325581395349	0.697674418604651	0.255813953488372	0.744186046511628	0.302325581395349	0.697674418604651	0.232558139534884	0.744186046511628
44	-0.272727272727273	0.295454545454545	-0.340909090909091	0.386363636363636	0.318181818181818	0.704545454545455	0.25	0.75	0.318181818181818	0.704545454545455	0.227272727272727	0.75
45	-0.244444444444444	0.266666666666667	-0.4	0.333333333333333	0.311111111111111	0.688888888888889	0.244444444444444	0.733333333333333	0.311111111111111	0.688888888888889	0.266666666666667	0.755555555555556
46	-0.282608695652174	0.260869565217391	-0.391304347826087	0.347826086956522	0.326086956521739	0.695652173913043	0.239130434782609	0.760869565217391	0.304347826086957	0.695652173913043	0.239130434782609	0.760869565217391
47	-0.297872340425532	0.276595744680851	-0.382978723404255	0.361702127659574	0.297872340425532	0.680851063829787	0.25531914893617	0.723404255319149	0.297872340425532	0.702127659574468	0.234042553191489	0.74468085106383
48	-0.291666666666667	0.25	-0.354166666666667	0.354166666666667	0.3125	0.6875	0.270833333333333	0.75	0.3125	0.6875	0.270833333333333	0.75
49	-0.26530612244898	0.26530612244898	-0.36734693877551	0.36734693877551	0.306122448979592	0.714285714285714	0.26530612244898	0.775510204081633	0.306122448979592	0.693877551020408	0.244897959183673	0.755102040816326
50	-0.26	0.26	-0.38	0.34	0.3	0.68	0.24	0.72	0.32	0.68	0.26	0.74
51	-0.274509803921569	0.274509803921569	-0.372549019607843	0.372549019607843	0.313725490196078	0.686274509803922	0.254901960784314	0.764705882352941	0.313725490196078	0.686274509803922	0.254901960784314	0.745098039215686
52	-0.269230769230769	0.25	-0.346153846153846	0.326923076923077	0.307692307692308	0.673076923076923	0.288461538461538	0.75	0.307692307692308	0.692307692307692	0.269230769230769	0.75
53	-0.264150943396226	0.264150943396226	-0.339622641509434	0.320754716981132	0.339622641509434	0.679245283018868	0.264150943396226	0.754716981132076	0.320754716981132	0.679245283018868	0.283018867924528	0.735849056603774
54	-0.259259259259259	0.277777777777778	-0.37037037037037	0.333333333333333	0.296296296296296	0.685185185185185	0.277777777777778	0.722222222222222	0.296296296296296	0.685185185185185	0.259259259259259	0.740740740740741
55	-0.254545454545455	0.254545454545455	-0.327272727272727	0.363636363636364	0.327272727272727	0.690909090909091	0.272727272727273	0.745454545454545	0.327272727272727	0.690909090909091	0.254545454545455	0.745454545454545
56	-0.267857142857143	0.25	-0.321428571428571	0.321428571428571	0.321428571428571	0.678571428571429	0.267857142857143	0.714285714285714	0.321428571428571	0.678571428571429	0.285714285714286	0.75
57	-0.263157894736842	0.263157894736842	-0.350877192982456	0.385964912280702	0.315789473684211	0.684210526315789	0.280701754385965	0.754385964912281	0.315789473684211	0.666666666666667	0.280701754385965	0.736842105263158
58	-0.258620689655172	0.258620689655172	-0.310344827586207	0.327586206896552	0.310344827586207	0.689655172413793	0.258620689655172	0.741379310344828	0.327586206896552	0.672413793103448	0.275862068965517	0.741379310344828
59	-0.254237288135593	0.254237288135593	-0.338983050847458	0.322033898305085	0.338983050847458	0.677966101694915	0.254237288135593	0.728813559322034	0.322033898305085	0.677966101694915	0.271186440677966	0.711864406779661
60	-0.25	0.25	-0.333333333333333	0.333333333333333	0.316666666666667	0.666666666666667	0.266666666666667	0.733333333333333	0.333333333333333	0.683333333333333	0.233333333333333	0.733333333333333
61	-0.229508196721312	0.245901639344262	-0.344262295081967	0.311475409836066	0.327868852459016	0.672131147540984	0.262295081967213	0.721311475409836	0.327868852459016	0.672131147540984	0.262295081967213	0.721311475409836
62	-0.241935483870968	0.241935483870968	-0.338709677419355	0.290322580645161	0.32258064516129	0.661290322580645	0.274193548387097	0.709677419354839	0.306451612903226	0.693548387096774	0.258064516129032	0.725806451612903
63	-0.253968253968254	0.253968253968254	-0.333333333333333	0.349206349206349	0.317460317460317	0.682539682539683	0.238095238095238	0.714285714285714	0.317460317460317	0.666666666666667	0.238095238095238	0.714285714285714
64	-0.234375	0.25	-0.328125	0.328125	0.328125	0.671875	0.265625	0.71875	0.3125	0.671875	0.265625	0.734375
65	-0.246153846153846	0.246153846153846	-0.307692307692308	0.323076923076923	0.323076923076923	0.676923076923077	0.246153846153846	0.723076923076923	0.323076923076923	0.661538461538462	0.246153846153846	0.723076923076923
66	-0.272727272727273	0.242424242424242	-0.333333333333333	0.348484848484848	0.318181818181818	0.681818181818182	0.257575757575758	0.727272727272727	0.333333333333333	0.666666666666667	0.287878787878788	0.712121212121212
67	-0.253731343283582	0.253731343283582	-0.328358208955224	0.328358208955224	0.328358208955224	0.686567164179104	0.283582089552239	0.73134328358209	0.328358208955224	0.671641791044776	0.253731343283582	0.701492537313433
68	-0.25	0.235294117647059	-0.338235294117647	0.338235294117647	0.323529411764706	0.661764705882353	0.264705882352941	0.735294117647059	0.323529411764706	0.676470588235294	0.279411764705882	0.735294117647059
69	-0.260869565217391	0.246376811594203	-0.333333333333333	0.333333333333333	0.304347826086957	0.666666666666667	0.27536231884058	0.72463768115942	0.333333333333333	0.681159420289855	0.27536231884058	0.72463768115942
70	-0.228571428571429	0.242857142857143	-0.314285714285714	0.3	0.342857142857143	0.671428571428571	0.271428571428571	0.728571428571429	0.342857142857143	0.657142857142857	0.3	0.714285714285714
71	-0.23943661971831	0.23943661971831	-0.338028169014085	0.323943661971831	0.338028169014085	0.676056338028169	0.28169014084507	0.746478873239437	0.323943661971831	0.676056338028169	0.253521126760563	0.732394366197183
72	-0.236111111111111	0.236111111111111	-0.305555555555556	0.291666666666667	0.319444444444444	0.666666666666667	0.277777777777778	0.708333333333333	0.333333333333333	0.666666666666667	0.277777777777778	0.722222222222222
73	-0.232876712328767	0.232876712328767	-0.315068493150685	0.287671232876712	0.315068493150685	0.671232876712329	0.273972602739726	0.73972602739726	0.315068493150685	0.657534246575342	0.26027397260274	0.712328767123288
74	-0.243243243243243	0.216216216216216	-0.337837837837838	0.283783783783784	0.337837837837838	0.662162162162162	0.283783783783784	0.716216216216216	0.337837837837838	0.675675675675676	0.283783783783784	0.72972972972973
75	-0.226666666666667	0.253333333333333	-0.32	0.306666666666667	0.333333333333333	0.666666666666667	0.266666666666667	0.733333333333333	0.333333333333333	0.666666666666667	0.266666666666667	0.72
76	-0.236842105263158	0.223684210526316	-0.328947368421053	0.302631578947368	0.328947368421053	0.644736842105263	0.263157894736842	0.710526315789474	0.342105263157895	0.671052631578947	0.289473684210526	0.697368421052632
77	-0.233766233766234	0.25974025974026	-0.298701298701299	0.298701298701299	0.337662337662338	0.675324675324675	0.298701298701299	0.74025974025974	0.337662337662338	0.662337662337662	0.272727272727273	0.701298701298701
78	-0.230769230769231	0.230769230769231	-0.320512820512821	0.320512820512821	0.320512820512821	0.666666666666667	0.282051282051282	0.705128205128205	0.333333333333333	0.666666666666667	0.269230769230769	0.717948717948718
79	-0.240506329113924	0.227848101265823	-0.316455696202532	0.291139240506329	0.329113924050633	0.658227848101266	0.291139240506329	0.734177215189873	0.329113924050633	0.670886075949367	0.278481012658228	0.69620253164557
80	-0.225	0.2375	-0.3125	0.3375	0.325	0.6625	0.275	0.7	0.3375	0.6625	0.2625	0.7
81	-0.246913580246914	0.234567901234568	-0.296296296296296	0.320987654320988	0.333333333333333	0.666666666666667	0.283950617283951	0.716049382716049	0.333333333333333	0.679012345679012	0.259259259259259	0.716049382716049
82	-0.25609756097561	0.231707317073171	-0.329268292682927	0.304878048780488	0.317073170731707	0.670731707317073	0.268292682926829	0.719512195121951	0.329268292682927	0.670731707317073	0.268292682926829	0.707317073170732
83	-0.265060240963855	0.216867469879518	-0.325301204819277	0.265060240963855	0.313253012048193	0.662650602409639	0.27710843373494	0.698795180722892	0.337349397590361	0.674698795180723	0.27710843373494	0.710843373493976
84	-0.238095238095238	0.25	-0.30952380952381	0.30952380952381	0.333333333333333	0.654761904761905	0.273809523809524	0.726190476190476	0.321428571428571	0.666666666666667	0.285714285714286	0.702380952380952
85	-0.223529411764706	0.235294117647059	-0.317647058823529	0.305882352941176	0.329411764705882	0.670588235294118	0.282352941176471	0.705882352941177	0.329411764705882	0.658823529411765	0.247058823529412	0.705882352941177
86	-0.22093023255814	0.232558139534884	-0.313953488372093	0.290697674418605	0.337209302325581	0.662790697674419	0.290697674418605	0.709302325581395	0.337209302325581	0.662790697674419	0.267441860465116	0.709302325581395
87	-0.229885057471264	0.241379310344828	-0.298850574712644	0.32183908045977	0.344827586206897	0.666666666666667	0.28735632183908	0.71264367816092	0.344827586206897	0.67816091954023	0.275862068965517	0.735632183908046
88	-0.215909090909091	0.238636363636364	-0.295454545454545	0.284090909090909	0.340909090909091	0.659090909090909	0.295454545454545	0.704545454545455	0.329545454545455	0.670454545454545	0.272727272727273	0.715909090909091
89	-0.224719101123596	0.235955056179775	-0.325842696629213	0.325842696629213	0.325842696629214	0.662921348314607	0.292134831460674	0.707865168539326	0.337078651685393	0.662921348314607	0.269662921348315	0.707865168539326
90	-0.255555555555556	0.233333333333333	-0.344444444444444	0.344444444444444	0.322222222222222	0.666666666666667	0.266666666666667	0.711111111111111	0.333333333333333	0.655555555555556	0.288888888888889	0.711111111111111
91	-0.230769230769231	0.230769230769231	-0.307692307692308	0.318681318681319	0.32967032967033	0.659340659340659	0.263736263736264	0.703296703296703	0.340659340659341	0.67032967032967	0.285714285714286	0.714285714285714
92	-0.239130434782609	0.217391304347826	-0.304347826086957	0.315217391304348	0.33695652173913	0.66304347826087	0.304347826086957	0.706521739130435	0.33695652173913	0.66304347826087	0.304347826086957	0.706521739130435
93	-0.236559139784946	0.21505376344086	-0.290322580645161	0.290322580645161	0.32258064516129	0.655913978494624	0.268817204301075	0.709677419354839	0.333333333333333	0.666666666666667	0.279569892473118	0.698924731182796
94	-0.223404255319149	0.234042553191489	-0.297872340425532	0.308510638297872	0.340425531914894	0.670212765957447	0.308510638297872	0.712765957446808	0.329787234042553	0.670212765957447	0.276595744680851	0.712765957446808
95	-0.231578947368421	0.221052631578947	-0.326315789473684	0.294736842105263	0.336842105263158	0.663157894736842	0.284210526315789	0.715789473684211	0.336842105263158	0.652631578947368	0.273684210526316	0.705263157894737
96	-0.25	0.21875	-0.3125	0.291666666666667	0.333333333333333	0.666666666666667	0.291666666666667	0.729166666666667	0.333333333333333	0.666666666666667	0.28125	0.729166666666667
97	-0.22680412371134	0.237113402061856	-0.298969072164949	0.298969072164949	0.34020618556701	0.65979381443299	0.268041237113402	0.711340206185567	0.350515463917526	0.65979381443299	0.298969072164948	0.701030927835051
98	-0.214285714285714	0.224489795918367	-0.295918367346939	0.285714285714286	0.336734693877551	0.673469387755102	0.295918367346939	0.704081632653061	0.336734693877551	0.663265306122449	0.295918367346939	0.704081632653061
99	-0.232323232323232	0.232323232323232	-0.282828282828283	0.313131313131313	0.343434343434343	0.666666666666667	0.292929292929293	0.707070707070707	0.333333333333333	0.656565656565657	0.272727272727273	0.686868686868687
100	-0.22	0.23	-0.32	0.29	0.35	0.66	0.3	0.7	0.34	0.66	0.29	0.72
101	-0.237623762376238	0.227722772277228	-0.297029702970297	0.297029702970297	0.346534653465347	0.653465346534653	0.306930693069307	0.702970297029703	0.326732673267327	0.653465346534653	0.257425742574257	0.712871287128713
102	-0.225490196078431	0.235294117647059	-0.313725490196078	0.323529411764706	0.352941176470588	0.647058823529412	0.284313725490196	0.686274509803922	0.333333333333333	0.656862745098039	0.284313725490196	0.696078431372549
103	-0.223300970873786	0.223300970873786	-0.300970873786408	0.29126213592233	0.330097087378641	0.660194174757282	0.29126213592233	0.70873786407767	0.339805825242718	0.650485436893204	0.300970873786408	0.699029126213592
104	-0.240384615384615	0.221153846153846	-0.288461538461538	0.278846153846154	0.346153846153846	0.663461538461538	0.288461538461538	0.701923076923077	0.326923076923077	0.663461538461538	0.288461538461538	0.711538461538462
105	-0.219047619047619	0.219047619047619	-0.304761904761905	0.266666666666667	0.342857142857143	0.657142857142857	0.285714285714286	0.695238095238095	0.333333333333333	0.657142857142857	0.304761904761905	0.704761904761905
106	-0.235849056603774	0.226415094339623	-0.311320754716981	0.283018867924528	0.339622641509434	0.650943396226415	0.292452830188679	0.69811320754717	0.339622641509434	0.660377358490566	0.292452830188679	0.688679245283019
107	-0.224299065420561	0.224299065420561	-0.317757009345794	0.299065420560748	0.317757009345794	0.654205607476635	0.280373831775701	0.700934579439252	0.327102803738318	0.644859813084112	0.280373831775701	0.691588785046729
108	-0.212962962962963	0.222222222222222	-0.296296296296296	0.259259259259259	0.351851851851852	0.657407407407407	0.296296296296296	0.703703703703704	0.342592592592593	0.666666666666667	0.287037037037037	0.694444444444444
109	-0.238532110091743	0.229357798165138	-0.302752293577982	0.302752293577982	0.348623853211009	0.660550458715596	0.302752293577982	0.715596330275229	0.339449541284404	0.660550458715596	0.284403669724771	0.688073394495413
110	-0.227272727272727	0.218181818181818	-0.281818181818182	0.3	0.345454545454545	0.663636363636364	0.3	0.718181818181818	0.336363636363636	0.663636363636364	0.290909090909091	0.7
111	-0.216216216216216	0.243243243243243	-0.306306306306306	0.288288288288288	0.351351351351351	0.666666666666667	0.315315315315315	0.711711711711712	0.333333333333333	0.657657657657658	0.297297297297297	0.702702702702703
112	-0.223214285714286	0.223214285714286	-0.276785714285714	0.276785714285714	0.339285714285714	0.660714285714286	0.285714285714286	0.696428571428571	0.339285714285714	0.660714285714286	0.294642857142857	0.705357142857143
113	-0.230088495575221	0.221238938053097	-0.327433628318584	0.283185840707965	0.345132743362832	0.646017699115044	0.292035398230089	0.690265486725664	0.336283185840708	0.663716814159292	0.283185840707965	0.699115044247788
114	-0.236842105263158	0.219298245614035	-0.307017543859649	0.271929824561404	0.333333333333333	0.657894736842105	0.289473684210526	0.684210526315789	0.333333333333333	0.657894736842105	0.298245614035088	0.692982456140351
115	-0.208695652173913	0.226086956521739	-0.28695652173913	0.269565217391304	0.339130434782609	0.652173913043478	0.304347826086957	0.68695652173913	0.330434782608696	0.643478260869565	0.28695652173913	0.704347826086957
116	-0.21551724137931	0.21551724137931	-0.275862068965517	0.275862068965517	0.353448275862069	0.663793103448276	0.301724137931034	0.698275862068966	0.344827586206897	0.646551724137931	0.293103448275862	0.698275862068966
117	-0.222222222222222	0.213675213675214	-0.290598290598291	0.273504273504273	0.333333333333333	0.64957264957265	0.273504273504274	0.692307692307692	0.341880341880342	0.64957264957265	0.290598290598291	0.700854700854701
118	-0.228813559322034	0.211864406779661	-0.288135593220339	0.271186440677966	0.338983050847458	0.652542372881356	0.26271186440678	0.686440677966102	0.355932203389831	0.652542372881356	0.305084745762712	0.711864406779661
119	-0.226890756302521	0.218487394957983	-0.319327731092437	0.277310924369748	0.34453781512605	0.65546218487395	0.294117647058824	0.705882352941177	0.34453781512605	0.647058823529412	0.302521008403361	0.722689075630252
120	-0.216666666666667	0.233333333333333	-0.291666666666667	0.275	0.358333333333333	0.658333333333333	0.308333333333333	0.683333333333333	0.35	0.641666666666667	0.291666666666667	0.683333333333333
121	-0.214876033057851	0.223140495867769	-0.289256198347107	0.289256198347107	0.338842975206612	0.652892561983471	0.289256198347107	0.694214876033058	0.355371900826446	0.644628099173554	0.289256198347107	0.694214876033058
122	-0.221311475409836	0.221311475409836	-0.295081967213115	0.278688524590164	0.336065573770492	0.663934426229508	0.295081967213115	0.704918032786885	0.352459016393443	0.655737704918033	0.311475409836066	0.69672131147541
123	-0.227642276422764	0.227642276422764	-0.292682926829268	0.308943089430894	0.341463414634146	0.658536585365854	0.284552845528455	0.691056910569106	0.341463414634146	0.650406504065041	0.292682926829268	0.699186991869919
124	-0.217741935483871	0.225806451612903	-0.266129032258065	0.298387096774194	0.338709677419355	0.653225806451613	0.274193548387097	0.701612903225806	0.346774193548387	0.637096774193548	0.290322580645161	0.693548387096774
125	-0.216	0.208	-0.304	0.256	0.344	0.648	0.296	0.696	0.344	0.648	0.296	0.688
126	-0.222222222222222	0.23015873015873	-0.293650793650794	0.285714285714286	0.349206349206349	0.658730158730159	0.30952380952381	0.698412698412698	0.333333333333333	0.658730158730159	0.293650793650794	0.698412698412698
127	-0.204724409448819	0.220472440944882	-0.275590551181102	0.291338582677165	0.346456692913386	0.653543307086614	0.283464566929134	0.716535433070866	0.354330708661417	0.653543307086614	0.307086614173228	0.692913385826772
128	-0.21875	0.2109375	-0.3125	0.2734375	0.359375	0.6484375	0.3046875	0.6875	0.34375	0.6640625	0.3125	0.7109375
129	-0.224806201550388	0.232558139534884	-0.271317829457364	0.27906976744186	0.341085271317829	0.643410852713178	0.27906976744186	0.713178294573643	0.341085271317829	0.651162790697674	0.294573643410853	0.705426356589147
130	-0.215384615384615	0.230769230769231	-0.3	0.315384615384615	0.346153846153846	0.653846153846154	0.292307692307692	0.692307692307692	0.330769230769231	0.661538461538462	0.276923076923077	0.707692307692308
131	-0.229007633587786	0.213740458015267	-0.305343511450382	0.290076335877863	0.343511450381679	0.648854961832061	0.290076335877863	0.694656488549618	0.33587786259542	0.656488549618321	0.282442748091603	0.694656488549618
132	-0.196969696969697	0.204545454545455	-0.272727272727273	0.257575757575758	0.348484848484849	0.651515151515151	0.303030303030303	0.689393939393939	0.340909090909091	0.651515151515151	0.303030303030303	0.696969696969697
133	-0.218045112781955	0.210526315789474	-0.293233082706767	0.278195488721804	0.338345864661654	0.661654135338346	0.278195488721804	0.699248120300752	0.345864661654135	0.669172932330827	0.300751879699248	0.706766917293233
134	-0.238805970149254	0.208955223880597	-0.305970149253731	0.276119402985075	0.335820895522388	0.641791044776119	0.276119402985075	0.701492537313433	0.350746268656716	0.664179104477612	0.291044776119403	0.708955223880597
135	-0.222222222222222	0.222222222222222	-0.259259259259259	0.296296296296296	0.333333333333333	0.651851851851852	0.296296296296296	0.711111111111111	0.340740740740741	0.659259259259259	0.303703703703704	0.711111111111111
136	-0.220588235294118	0.205882352941176	-0.301470588235294	0.279411764705882	0.345588235294118	0.647058823529412	0.272058823529412	0.705882352941177	0.352941176470588	0.661764705882353	0.294117647058824	0.713235294117647
137	-0.211678832116788	0.211678832116788	-0.291970802919708	0.262773722627737	0.35036496350365	0.664233576642336	0.321167883211679	0.708029197080292	0.357664233576642	0.64963503649635	0.335766423357664	0.693430656934307
138	-0.210144927536232	0.210144927536232	-0.282608695652174	0.268115942028986	0.340579710144928	0.652173913043478	0.282608695652174	0.688405797101449	0.340579710144928	0.652173913043478	0.289855072463768	0.688405797101449
139	-0.215827338129496	0.20863309352518	-0.258992805755396	0.280575539568345	0.352517985611511	0.654676258992806	0.294964028776978	0.712230215827338	0.352517985611511	0.640287769784173	0.316546762589928	0.676258992805755
140	-0.2	0.221428571428571	-0.257142857142857	0.285714285714286	0.357142857142857	0.65	0.328571428571429	0.714285714285714	0.357142857142857	0.642857142857143	0.328571428571429	0.707142857142857
141	-0.226950354609929	0.212765957446809	-0.297872340425532	0.290780141843972	0.354609929078014	0.645390070921986	0.304964539007092	0.709219858156028	0.340425531914894	0.652482269503546	0.290780141843972	0.695035460992908
142	-0.211267605633803	0.225352112676056	-0.316901408450704	0.288732394366197	0.345070422535211	0.661971830985915	0.309859154929577	0.704225352112676	0.352112676056338	0.654929577464789	0.288732394366197	0.697183098591549
143	-0.223776223776224	0.216783216783217	-0.321678321678322	0.272727272727273	0.342657342657343	0.65034965034965	0.300699300699301	0.699300699300699	0.34965034965035	0.643356643356643	0.293706293706294	0.713286713286713
144	-0.208333333333333	0.229166666666667	-0.270833333333333	0.270833333333333	0.347222222222222	0.659722222222222	0.305555555555556	0.722222222222222	0.347222222222222	0.645833333333333	0.298611111111111	0.6875
145	-0.213793103448276	0.241379310344828	-0.282758620689655	0.296551724137931	0.344827586206897	0.662068965517241	0.303448275862069	0.703448275862069	0.344827586206897	0.641379310344828	0.303448275862069	0.675862068965517
146	-0.205479452054795	0.219178082191781	-0.267123287671233	0.287671232876712	0.356164383561644	0.650684931506849	0.308219178082192	0.691780821917808	0.342465753424658	0.636986301369863	0.287671232876712	0.684931506849315
147	-0.224489795918367	0.224489795918367	-0.292517006802721	0.292517006802721	0.346938775510204	0.653061224489796	0.299319727891156	0.700680272108844	0.346938775510204	0.646258503401361	0.306122448979592	0.680272108843537
148	-0.216216216216216	0.202702702702703	-0.297297297297297	0.263513513513514	0.337837837837838	0.662162162162162	0.277027027027027	0.695945945945946	0.344594594594595	0.648648648648649	0.297297297297297	0.702702702702703
149	-0.214765100671141	0.208053691275168	-0.275167785234899	0.295302013422819	0.355704697986577	0.63758389261745	0.322147651006711	0.691275167785235	0.348993288590604	0.671140939597315	0.295302013422819	0.704697986577181
150	-0.206666666666667	0.22	-0.266666666666667	0.286666666666667	0.36	0.653333333333333	0.326666666666667	0.706666666666667	0.353333333333333	0.653333333333333	0.293333333333333	0.693333333333333
151	-0.205298013245033	0.211920529801324	-0.28476821192053	0.278145695364238	0.350993377483444	0.655629139072848	0.298013245033113	0.688741721854305	0.350993377483444	0.635761589403974	0.298013245033113	0.682119205298013
152	-0.223684210526316	0.197368421052632	-0.282894736842105	0.263157894736842	0.342105263157895	0.644736842105263	0.296052631578947	0.664473684210526	0.348684210526316	0.631578947368421	0.302631578947368	0.677631578947368
153	-0.215686274509804	0.209150326797386	-0.281045751633987	0.274509803921569	0.34640522875817	0.647058823529412	0.287581699346405	0.699346405228758	0.34640522875817	0.65359477124183	0.287581699346405	0.686274509803922
154	-0.227272727272727	0.220779220779221	-0.305194805194805	0.266233766233766	0.350649350649351	0.642857142857143	0.305194805194805	0.681818181818182	0.350649350649351	0.662337662337662	0.298701298701299	0.694805194805195
155	-0.206451612903226	0.219354838709677	-0.283870967741936	0.270967741935484	0.341935483870968	0.651612903225806	0.283870967741935	0.696774193548387	0.341935483870968	0.645161290322581	0.296774193548387	0.690322580645161
156	-0.205128205128205	0.211538461538462	-0.314102564102564	0.269230769230769	0.352564102564103	0.647435897435897	0.282051282051282	0.685897435897436	0.358974358974359	0.647435897435897	0.294871794871795	0.692307692307692
157	-0.21656050955414	0.21656050955414	-0.273885350318471	0.254777070063694	0.35031847133758	0.662420382165605	0.305732484076433	0.694267515923567	0.35031847133758	0.64968152866242	0.299363057324841	0.681528662420382
158	-0.20253164556962	0.215189873417722	-0.278481012658228	0.272151898734177	0.348101265822785	0.639240506329114	0.30379746835443	0.689873417721519	0.341772151898734	0.645569620253165	0.272151898734177	0.70253164556962
159	-0.207547169811321	0.194968553459119	-0.308176100628931	0.270440251572327	0.352201257861635	0.647798742138365	0.314465408805031	0.69811320754717	0.358490566037736	0.660377358490566	0.327044025157233	0.691823899371069
160	-0.2	0.2125	-0.28125	0.26875	0.35	0.65	0.3	0.7	0.35	0.65625	0.28125	0.69375
161	-0.217391304347826	0.198757763975155	-0.291925465838509	0.273291925465838	0.341614906832298	0.639751552795031	0.291925465838509	0.677018633540373	0.347826086956522	0.645962732919255	0.316770186335404	0.708074534161491
162	-0.209876543209877	0.185185185185185	-0.259259259259259	0.253086419753086	0.351851851851852	0.635802469135803	0.320987654320988	0.672839506172839	0.351851851851852	0.654320987654321	0.302469135802469	0.691358024691358
163	-0.202453987730061	0.208588957055215	-0.245398773006135	0.251533742331288	0.349693251533742	0.650306748466258	0.325153374233129	0.693251533742331	0.349693251533742	0.644171779141104	0.288343558282209	0.680981595092024
164	-0.207317073170732	0.201219512195122	-0.286585365853658	0.286585365853659	0.347560975609756	0.640243902439024	0.298780487804878	0.682926829268293	0.353658536585366	0.646341463414634	0.310975609756098	0.689024390243902
165	-0.236363636363636	0.218181818181818	-0.309090909090909	0.266666666666667	0.351515151515152	0.642424242424242	0.315151515151515	0.690909090909091	0.339393939393939	0.654545454545455	0.303030303030303	0.709090909090909
166	-0.204819277108434	0.210843373493976	-0.289156626506024	0.253012048192771	0.337349397590361	0.650602409638554	0.301204819277108	0.704819277108434	0.36144578313253	0.644578313253012	0.301204819277108	0.686746987951807
167	-0.197604790419162	0.209580838323353	-0.263473053892216	0.245508982035928	0.353293413173653	0.652694610778443	0.29940119760479	0.688622754491018	0.347305389221557	0.634730538922156	0.311377245508982	0.682634730538922
168	-0.208333333333333	0.208333333333333	-0.267857142857143	0.279761904761905	0.363095238095238	0.636904761904762	0.30952380952381	0.672619047619048	0.351190476190476	0.642857142857143	0.30952380952381	0.696428571428571
169	-0.21301775147929	0.183431952662722	-0.27810650887574	0.248520710059172	0.36094674556213	0.63905325443787	0.301775147928994	0.686390532544379	0.355029585798817	0.650887573964497	0.319526627218935	0.698224852071006
170	-0.223529411764706	0.211764705882353	-0.258823529411765	0.252941176470588	0.352941176470588	0.647058823529412	0.3	0.682352941176471	0.364705882352941	0.641176470588235	0.3	0.688235294117647
171	-0.216374269005848	0.210526315789474	-0.298245614035088	0.263157894736842	0.350877192982456	0.654970760233918	0.298245614035088	0.701754385964912	0.35672514619883	0.649122807017544	0.321637426900585	0.695906432748538
172	-0.215116279069767	0.209302325581395	-0.273255813953488	0.284883720930233	0.354651162790698	0.63953488372093	0.319767441860465	0.686046511627907	0.36046511627907	0.645348837209302	0.290697674418605	0.680232558139535
173	-0.213872832369942	0.208092485549133	-0.277456647398844	0.271676300578035	0.358381502890173	0.653179190751445	0.30635838150289	0.687861271676301	0.358381502890173	0.653179190751445	0.323699421965318	0.69364161849711
174	-0.21264367816092	0.201149425287356	-0.275862068965517	0.252873563218391	0.350574712643678	0.64367816091954	0.293103448275862	0.683908045977011	0.35632183908046	0.64367816091954	0.304597701149425	0.683908045977011
175	-0.205714285714286	0.211428571428571	-0.285714285714286	0.268571428571429	0.36	0.645714285714286	0.314285714285714	0.697142857142857	0.342857142857143	0.651428571428571	0.302857142857143	0.685714285714286
176	-0.204545454545455	0.204545454545454	-0.278409090909091	0.255681818181818	0.357954545454545	0.642045454545455	0.3125	0.6875	0.335227272727273	0.647727272727273	0.301136363636364	0.6875
177	-0.209039548022599	0.209039548022599	-0.271186440677966	0.271186440677966	0.350282485875706	0.655367231638418	0.282485875706215	0.700564971751412	0.355932203389831	0.644067796610169	0.322033898305085	0.68361581920904
178	-0.219101123595506	0.219101123595506	-0.297752808988764	0.292134831460674	0.353932584269663	0.646067415730337	0.308988764044944	0.691011235955056	0.348314606741573	0.651685393258427	0.297752808988764	0.685393258426966
179	-0.212290502793296	0.212290502793296	-0.279329608938547	0.290502793296089	0.346368715083799	0.642458100558659	0.329608938547486	0.681564245810056	0.335195530726257	0.659217877094972	0.29608938547486	0.698324022346369
180	-0.2	0.211111111111111	-0.283333333333333	0.283333333333333	0.361111111111111	0.644444444444444	0.327777777777778	0.688888888888889	0.355555555555556	0.65	0.305555555555556	0.688888888888889
181	-0.204419889502762	0.204419889502762	-0.281767955801105	0.276243093922652	0.342541436464088	0.640883977900553	0.259668508287293	0.69060773480663	0.359116022099448	0.646408839779006	0.331491712707182	0.674033149171271
182	-0.197802197802198	0.203296703296703	-0.252747252747253	0.285714285714286	0.351648351648352	0.642857142857143	0.302197802197802	0.692307692307692	0.362637362637363	0.642857142857143	0.324175824175824	0.686813186813187
183	-0.202185792349727	0.202185792349727	-0.251366120218579	0.262295081967213	0.366120218579235	0.633879781420765	0.316939890710383	0.672131147540984	0.355191256830601	0.633879781420765	0.316939890710383	0.688524590163934
184	-0.222826086956522	0.190217391304348	-0.293478260869565	0.244565217391304	0.353260869565217	0.646739130434783	0.309782608695652	0.690217391304348	0.358695652173913	0.652173913043478	0.28804347826087	0.684782608695652
185	-0.189189189189189	0.227027027027027	-0.281081081081081	0.302702702702703	0.351351351351351	0.654054054054054	0.308108108108108	0.697297297297297	0.351351351351351	0.637837837837838	0.286486486486487	0.681081081081081
186	-0.204301075268817	0.198924731182796	-0.28494623655914	0.279569892473118	0.344086021505376	0.645161290322581	0.279569892473118	0.704301075268817	0.354838709677419	0.650537634408602	0.32258064516129	0.693548387096774
187	-0.20855614973262	0.203208556149733	-0.272727272727273	0.267379679144385	0.352941176470588	0.647058823529412	0.299465240641711	0.684491978609626	0.342245989304813	0.6524064171123	0.310160427807487	0.679144385026738
188	-0.191489361702128	0.212765957446808	-0.26063829787234	0.271276595744681	0.351063829787234	0.643617021276596	0.313829787234043	0.686170212765957	0.345744680851064	0.648936170212766	0.297872340425532	0.670212765957447
189	-0.222222222222222	0.201058201058201	-0.26984126984127	0.253968253968254	0.35978835978836	0.650793650793651	0.322751322751323	0.687830687830688	0.35978835978836	0.661375661375661	0.328042328042328	0.71957671957672
190	-0.194736842105263	0.194736842105263	-0.278947368421053	0.252631578947368	0.357894736842105	0.642105263157895	0.3	0.694736842105263	0.363157894736842	0.647368421052632	0.315789473684211	0.684210526315789
191	-0.204188481675393	0.209424083769633	-0.267015706806283	0.282722513089005	0.371727748691099	0.638743455497382	0.319371727748691	0.680628272251309	0.345549738219895	0.649214659685864	0.31413612565445	0.675392670157068
192	-0.213541666666667	0.197916666666667	-0.286458333333333	0.265625	0.354166666666667	0.635416666666667	0.322916666666667	0.671875	0.359375	0.651041666666667	0.328125	0.703125
193	-0.212435233160622	0.207253886010363	-0.284974093264249	0.27979274611399	0.362694300518135	0.642487046632124	0.300518134715026	0.678756476683938	0.347150259067358	0.642487046632124	0.310880829015544	0.689119170984456
194	-0.211340206185567	0.190721649484536	-0.27319587628866	0.252577319587629	0.350515463917526	0.634020618556701	0.298969072164948	0.680412371134021	0.355670103092784	0.644329896907217	0.314432989690722	0.675257731958763
195	-0.220512820512821	0.205128205128205	-0.312820512820513	0.307692307692308	0.343589743589744	0.651282051282051	0.307692307692308	0.692307692307692	0.353846153846154	0.646153846153846	0.297435897435897	0.697435897435897
196	-0.214285714285714	0.204081632653061	-0.316326530612245	0.260204081632653	0.346938775510204	0.647959183673469	0.306122448979592	0.693877551020408	0.352040816326531	0.647959183673469	0.321428571428571	0.683673469387755
197	-0.187817258883249	0.208121827411167	-0.269035532994924	0.263959390862944	0.365482233502538	0.654822335025381	0.314720812182741	0.685279187817259	0.360406091370558	0.639593908629442	0.319796954314721	0.67005076142132
198	-0.207070707070707	0.202020202020202	-0.272727272727273	0.252525252525252	0.358585858585859	0.641414141414141	0.323232323232323	0.696969696969697	0.353535353535354	0.646464646464647	0.318181818181818	0.691919191919192
199	-0.206030150753769	0.201005025125628	-0.261306532663317	0.261306532663317	0.351758793969849	0.64321608040201	0.301507537688442	0.678391959798995	0.35678391959799	0.64321608040201	0.316582914572864	0.683417085427136
200	-0.2	0.21	-0.26	0.26	0.355	0.645	0.305	0.695	0.355	0.645	0.32	0.67
201	-0.213930348258706	0.199004975124378	-0.288557213930348	0.278606965174129	0.348258706467662	0.656716417910448	0.303482587064677	0.701492537313433	0.358208955223881	0.63681592039801	0.313432835820896	0.696517412935323
202	-0.198019801980198	0.212871287128713	-0.272277227722772	0.297029702970297	0.356435643564356	0.643564356435644	0.316831683168317	0.698019801980198	0.351485148514851	0.638613861386139	0.292079207920792	0.678217821782178
203	-0.197044334975369	0.216748768472906	-0.261083743842364	0.261083743842364	0.369458128078818	0.650246305418719	0.310344827586207	0.694581280788177	0.349753694581281	0.655172413793103	0.295566502463054	0.67487684729064
204	-0.220588235294118	0.196078431372549	-0.274509803921569	0.25	0.352941176470588	0.642156862745098	0.294117647058824	0.681372549019608	0.338235294117647	0.642156862745098	0.313725490196078	0.676470588235294
205	-0.195121951219512	0.2	-0.282926829268293	0.224390243902439	0.351219512195122	0.639024390243902	0.326829268292683	0.697560975609756	0.336585365853659	0.64390243902439	0.297560975609756	0.682926829268293
206	-0.194174757281553	0.203883495145631	-0.286407766990291	0.276699029126214	0.354368932038835	0.650485436893204	0.310679611650485	0.684466019417476	0.354368932038835	0.640776699029126	0.320388349514563	0.684466019417476
207	-0.207729468599034	0.198067632850242	-0.256038647342995	0.246376811594203	0.352657004830918	0.628019323671498	0.309178743961353	0.661835748792271	0.347826086956522	0.647342995169082	0.29951690821256	0.681159420289855
208	-0.211538461538462	0.211538461538462	-0.293269230769231	0.259615384615385	0.346153846153846	0.649038461538462	0.298076923076923	0.697115384615385	0.355769230769231	0.649038461538462	0.3125	0.701923076923077
209	-0.191387559808612	0.205741626794258	-0.248803827751196	0.258373205741627	0.368421052631579	0.645933014354067	0.334928229665072	0.679425837320574	0.358851674641148	0.641148325358852	0.30622009569378	0.684210526315789
210	-0.20952380952381	0.204761904761905	-0.261904761904762	0.252380952380952	0.352380952380952	0.657142857142857	0.304761904761905	0.704761904761905	0.347619047619048	0.647619047619048	0.304761904761905	0.680952380952381
211	-0.213270142180095	0.194312796208531	-0.260663507109005	0.246445497630332	0.350710900473934	0.635071090047393	0.303317535545024	0.672985781990521	0.360189573459716	0.639810426540284	0.312796208530806	0.682464454976303
212	-0.193396226415094	0.19811320754717	-0.245283018867925	0.259433962264151	0.358490566037736	0.632075471698113	0.311320754716981	0.683962264150943	0.358490566037736	0.64622641509434	0.311320754716981	0.688679245283019
213	-0.206572769953052	0.197183098591549	-0.272300469483568	0.262910798122066	0.352112676056338	0.63849765258216	0.300469483568075	0.690140845070423	0.347417840375587	0.652582159624413	0.286384976525822	0.685446009389671
214	-0.196261682242991	0.200934579439252	-0.252336448598131	0.252336448598131	0.355140186915888	0.644859813084112	0.299065420560748	0.696261682242991	0.35981308411215	0.644859813084112	0.327102803738318	0.682242990654206
215	-0.213953488372093	0.209302325581395	-0.293023255813953	0.265116279069767	0.348837209302326	0.66046511627907	0.32093023255814	0.706976744186047	0.367441860465116	0.646511627906977	0.311627906976744	0.67906976744186
216	-0.199074074074074	0.203703703703704	-0.25462962962963	0.259259259259259	0.365740740740741	0.643518518518518	0.324074074074074	0.689814814814815	0.356481481481481	0.652777777777778	0.287037037037037	0.703703703703704
217	-0.207373271889401	0.193548387096774	-0.253456221198157	0.248847926267281	0.354838709677419	0.631336405529954	0.290322580645161	0.672811059907834	0.350230414746544	0.645161290322581	0.290322580645161	0.682027649769585
218	-0.201834862385321	0.201834862385321	-0.261467889908257	0.243119266055046	0.357798165137615	0.651376146788991	0.325688073394495	0.701834862385321	0.357798165137615	0.63302752293578	0.311926605504587	0.678899082568807
219	-0.191780821917808	0.205479452054795	-0.242009132420091	0.255707762557078	0.360730593607306	0.648401826484018	0.310502283105023	0.680365296803653	0.356164383561644	0.639269406392694	0.310502283105023	0.684931506849315
220	-0.2	0.2	-0.272727272727273	0.240909090909091	0.363636363636364	0.636363636363636	0.327272727272727	0.686363636363636	0.35	0.654545454545455	0.313636363636364	0.681818181818182
221	-0.194570135746606	0.208144796380091	-0.248868778280543	0.276018099547511	0.357466063348416	0.642533936651584	0.30316742081448	0.687782805429864	0.352941176470588	0.642533936651584	0.30316742081448	0.678733031674208
222	-0.216216216216216	0.198198198198198	-0.27027027027027	0.274774774774775	0.355855855855856	0.635135135135135	0.324324324324324	0.68018018018018	0.355855855855856	0.63963963963964	0.310810810810811	0.675675675675676
223	-0.201793721973094	0.2152466367713	-0.300448430493274	0.255605381165919	0.354260089686099	0.63677130044843	0.322869955156951	0.672645739910314	0.345291479820628	0.63677130044843	0.31390134529148	0.690582959641256
224	-0.196428571428571	0.223214285714286	-0.258928571428572	0.308035714285714	0.357142857142857	0.651785714285714	0.316964285714286	0.683035714285714	0.357142857142857	0.642857142857143	0.299107142857143	0.700892857142857
225	-0.195555555555556	0.208888888888889	-0.248888888888889	0.244444444444444	0.351111111111111	0.644444444444444	0.302222222222222	0.68	0.351111111111111	0.631111111111111	0.311111111111111	0.671111111111111
226	-0.20353982300885	0.199115044247788	-0.265486725663717	0.274336283185841	0.36283185840708	0.654867256637168	0.323008849557522	0.699115044247788	0.353982300884956	0.65929203539823	0.283185840707965	0.699115044247788
227	-0.198237885462555	0.18942731277533	-0.277533039647577	0.246696035242291	0.343612334801762	0.638766519823789	0.286343612334802	0.6784140969163	0.370044052863436	0.638766519823789	0.330396475770925	0.669603524229075
228	-0.201754385964912	0.192982456140351	-0.271929824561403	0.267543859649123	0.355263157894737	0.644736842105263	0.320175438596491	0.684210526315789	0.359649122807018	0.644736842105263	0.315789473684211	0.679824561403509
229	-0.205240174672489	0.209606986899563	-0.248908296943231	0.279475982532751	0.353711790393013	0.633187772925764	0.310043668122271	0.676855895196507	0.349344978165939	0.641921397379913	0.310043668122271	0.681222707423581
230	-0.221739130434783	0.204347826086957	-0.291304347826087	0.260869565217391	0.360869565217391	0.647826086956522	0.3	0.68695652173913	0.365217391304348	0.643478260869565	0.321739130434783	0.68695652173913
231	-0.199134199134199	0.186147186147186	-0.255411255411255	0.268398268398268	0.354978354978355	0.645021645021645	0.311688311688312	0.67965367965368	0.363636363636364	0.649350649350649	0.316017316017316	0.67965367965368
232	-0.202586206896552	0.211206896551724	-0.25	0.28448275862069	0.353448275862069	0.646551724137931	0.297413793103448	0.689655172413793	0.357758620689655	0.642241379310345	0.280172413793103	0.676724137931034
233	-0.214592274678112	0.197424892703863	-0.270386266094421	0.244635193133047	0.347639484978541	0.643776824034335	0.28755364806867	0.67381974248927	0.347639484978541	0.63519313304721	0.313304721030043	0.690987124463519
234	-0.196581196581197	0.200854700854701	-0.260683760683761	0.273504273504273	0.363247863247863	0.641025641025641	0.311965811965812	0.688034188034188	0.354700854700855	0.632478632478632	0.320512820512821	0.670940170940171
235	-0.204255319148936	0.195744680851064	-0.272340425531915	0.276595744680851	0.348936170212766	0.642553191489362	0.306382978723404	0.68936170212766	0.361702127659574	0.646808510638298	0.327659574468085	0.685106382978723
236	-0.199152542372881	0.199152542372881	-0.271186440677966	0.296610169491525	0.364406779661017	0.63135593220339	0.326271186440678	0.682203389830508	0.355932203389831	0.639830508474576	0.283898305084746	0.690677966101695
237	-0.215189873417722	0.20253164556962	-0.278481012658228	0.253164556962025	0.350210970464135	0.645569620253165	0.308016877637131	0.679324894514768	0.345991561181435	0.641350210970464	0.308016877637131	0.70042194092827
238	-0.197478991596639	0.197478991596639	-0.264705882352941	0.247899159663866	0.34453781512605	0.651260504201681	0.30672268907563	0.680672268907563	0.361344537815126	0.638655462184874	0.302521008403361	0.672268907563025
239	-0.209205020920502	0.209205020920502	-0.263598326359833	0.276150627615063	0.364016736401674	0.640167364016736	0.334728033472803	0.669456066945607	0.364016736401674	0.648535564853556	0.322175732217573	0.665271966527197
240	-0.204166666666667	0.204166666666667	-0.2625	0.2625	0.35	0.633333333333333	0.308333333333333	0.670833333333333	0.358333333333333	0.6375	0.3125	0.679166666666667
241	-0.186721991701245	0.195020746887967	-0.236514522821577	0.257261410788382	0.360995850622407	0.651452282157676	0.327800829875519	0.692946058091286	0.360995850622407	0.639004149377593	0.311203319502075	0.676348547717842
242	-0.202479338842975	0.190082644628099	-0.268595041322314	0.260330578512397	0.355371900826446	0.644628099173554	0.293388429752066	0.677685950413223	0.355371900826446	0.644628099173554	0.318181818181818	0.685950413223141
243	-0.209876543209877	0.213991769547325	-0.259259259259259	0.275720164609053	0.345679012345679	0.650205761316872	0.300411522633745	0.679012345679012	0.358024691358025	0.633744855967078	0.300411522633745	0.662551440329218
244	-0.209016393442623	0.192622950819672	-0.254098360655738	0.237704918032787	0.352459016393443	0.639344262295082	0.295081967213115	0.688524590163934	0.360655737704918	0.635245901639344	0.336065573770492	0.676229508196721
245	-0.216326530612245	0.195918367346939	-0.277551020408163	0.240816326530612	0.351020408163265	0.63265306122449	0.302040816326531	0.673469387755102	0.355102040816327	0.640816326530612	0.297959183673469	0.677551020408163
246	-0.199186991869919	0.186991869918699	-0.24390243902439	0.24390243902439	0.349593495934959	0.646341463414634	0.317073170731707	0.686991869918699	0.357723577235772	0.646341463414634	0.313008130081301	0.67479674796748
247	-0.194331983805668	0.186234817813765	-0.259109311740891	0.242914979757085	0.376518218623482	0.639676113360324	0.327935222672065	0.672064777327935	0.356275303643725	0.643724696356275	0.315789473684211	0.684210526315789
248	-0.213709677419355	0.205645161290323	-0.274193548387097	0.270161290322581	0.358870967741935	0.649193548387097	0.310483870967742	0.689516129032258	0.354838709677419	0.649193548387097	0.282258064516129	0.673387096774194
249	-0.204819277108434	0.188755020080321	-0.285140562248996	0.261044176706827	0.353413654618474	0.634538152610442	0.309236947791165	0.682730923694779	0.365461847389558	0.646586345381526	0.317269076305221	0.678714859437751
250	-0.208	0.208	-0.264	0.272	0.356	0.648	0.304	0.68	0.356	0.64	0.308	0.68
251	-0.203187250996016	0.203187250996016	-0.243027888446215	0.254980079681275	0.354581673306773	0.645418326693227	0.326693227091633	0.673306772908366	0.358565737051793	0.641434262948207	0.302788844621514	0.677290836653386
252	-0.206349206349206	0.214285714285714	-0.253968253968254	0.281746031746032	0.353174603174603	0.642857142857143	0.30952380952381	0.686507936507937	0.357142857142857	0.642857142857143	0.317460317460317	0.686507936507937
253	-0.201581027667984	0.197628458498024	-0.268774703557312	0.25296442687747	0.363636363636364	0.648221343873518	0.328063241106719	0.687747035573123	0.355731225296443	0.644268774703557	0.296442687747036	0.687747035573123
254	-0.204724409448819	0.196850393700787	-0.259842519685039	0.259842519685039	0.362204724409449	0.645669291338583	0.318897637795276	0.692913385826772	0.346456692913386	0.645669291338583	0.299212598425197	0.68503937007874
255	-0.211764705882353	0.192156862745098	-0.282352941176471	0.254901960784314	0.36078431372549	0.650980392156863	0.317647058823529	0.686274509803922	0.364705882352941	0.650980392156863	0.325490196078431	0.701960784313725
256	-0.203125	0.203125	-0.265625	0.265625	0.3515625	0.64453125	0.29296875	0.703125	0.36328125	0.63671875	0.31640625	0.67578125
257	-0.202334630350195	0.202334630350195	-0.260700389105058	0.268482490272374	0.357976653696498	0.638132295719844	0.303501945525292	0.692607003891051	0.35408560311284	0.64591439688716	0.32295719844358	0.680933852140078
258	-0.197674418604651	0.197674418604651	-0.294573643410853	0.244186046511628	0.352713178294574	0.635658914728682	0.310077519379845	0.686046511627907	0.352713178294574	0.63953488372093	0.321705426356589	0.701550387596899
259	-0.204633204633205	0.189189189189189	-0.266409266409266	0.223938223938224	0.359073359073359	0.640926640926641	0.324324324324324	0.675675675675676	0.359073359073359	0.637065637065637	0.316602316602317	0.691119691119691
260	-0.2	0.184615384615385	-0.280769230769231	0.25	0.353846153846154	0.634615384615385	0.319230769230769	0.676923076923077	0.357692307692308	0.634615384615385	0.326923076923077	0.661538461538462
261	-0.199233716475096	0.195402298850575	-0.268199233716475	0.256704980842912	0.352490421455939	0.639846743295019	0.291187739463602	0.670498084291188	0.363984674329502	0.628352490421456	0.325670498084291	0.674329501915709
262	-0.198473282442748	0.206106870229008	-0.263358778625954	0.278625954198473	0.354961832061069	0.645038167938931	0.305343511450382	0.690839694656489	0.358778625954198	0.645038167938931	0.309160305343511	0.687022900763359
263	-0.212927756653992	0.201520912547529	-0.269961977186312	0.262357414448669	0.349809885931559	0.64638783269962	0.300380228136882	0.703422053231939	0.357414448669202	0.642585551330799	0.304182509505703	0.688212927756654
264	-0.200757575757576	0.208333333333333	-0.287878787878788	0.261363636363636	0.359848484848485	0.647727272727273	0.321969696969697	0.689393939393939	0.356060606060606	0.640151515151515	0.314393939393939	0.689393939393939
265	-0.207547169811321	0.207547169811321	-0.267924528301887	0.241509433962264	0.358490566037736	0.637735849056604	0.316981132075472	0.679245283018868	0.362264150943396	0.645283018867924	0.316981132075472	0.675471698113208
266	-0.184210526315789	0.203007518796992	-0.24812030075188	0.244360902255639	0.360902255639098	0.635338345864662	0.308270676691729	0.676691729323308	0.360902255639098	0.642857142857143	0.293233082706767	0.669172932330827
267	-0.198501872659176	0.205992509363296	-0.273408239700375	0.243445692883895	0.344569288389513	0.640449438202247	0.307116104868914	0.666666666666667	0.363295880149813	0.636704119850187	0.322097378277154	0.674157303370786
268	-0.182835820895522	0.190298507462687	-0.279850746268657	0.276119402985075	0.365671641791045	0.638059701492537	0.332089552238806	0.67910447761194	0.361940298507463	0.634328358208955	0.32089552238806	0.675373134328358
269	-0.197026022304833	0.193308550185874	-0.256505576208178	0.278810408921933	0.360594795539033	0.643122676579926	0.304832713754647	0.676579925650558	0.356877323420074	0.643122676579926	0.330855018587361	0.684014869888476
270	-0.214814814814815	0.196296296296296	-0.255555555555556	0.248148148148148	0.355555555555556	0.640740740740741	0.307407407407407	0.67037037037037	0.362962962962963	0.633333333333333	0.307407407407407	0.666666666666667
271	-0.188191881918819	0.202952029520295	-0.250922509225092	0.243542435424354	0.361623616236162	0.638376383763838	0.309963099630996	0.686346863468635	0.354243542435424	0.6309963099631	0.317343173431734	0.671586715867159
272	-0.1875	0.176470588235294	-0.261029411764706	0.235294117647059	0.360294117647059	0.628676470588235	0.3125	0.665441176470588	0.378676470588235	0.639705882352941	0.323529411764706	0.691176470588235
273	-0.190476190476191	0.216117216117216	-0.256410256410256	0.249084249084249	0.36996336996337	0.644688644688645	0.32967032967033	0.688644688644689	0.358974358974359	0.644688644688645	0.322344322344322	0.681318681318681
274	-0.215328467153285	0.211678832116788	-0.277372262773723	0.259124087591241	0.357664233576642	0.635036496350365	0.321167883211679	0.678832116788321	0.354014598540146	0.638686131386861	0.321167883211679	0.686131386861314
275	-0.196363636363636	0.196363636363636	-0.272727272727273	0.243636363636364	0.356363636363636	0.64	0.327272727272727	0.676363636363636	0.367272727272727	0.636363636363636	0.323636363636364	0.683636363636364
276	-0.192028985507246	0.184782608695652	-0.282608695652174	0.253623188405797	0.358695652173913	0.63768115942029	0.311594202898551	0.670289855072464	0.358695652173913	0.634057971014493	0.304347826086957	0.666666666666667
277	-0.209386281588448	0.1985559566787	-0.267148014440433	0.28158844765343	0.353790613718412	0.646209386281588	0.314079422382672	0.696750902527076	0.36101083032491	0.635379061371841	0.314079422382672	0.67870036101083
278	-0.223021582733813	0.205035971223022	-0.305755395683453	0.233812949640288	0.352517985611511	0.633093525179856	0.29136690647482	0.672661870503597	0.359712230215827	0.640287769784173	0.309352517985612	0.683453237410072
279	-0.204301075268817	0.193548387096774	-0.261648745519713	0.232974910394265	0.3584229390681	0.634408602150538	0.304659498207885	0.681003584229391	0.365591397849462	0.6415770609319	0.304659498207885	0.684587813620072
280	-0.210714285714286	0.192857142857143	-0.260714285714286	0.253571428571429	0.360714285714286	0.635714285714286	0.314285714285714	0.692857142857143	0.364285714285714	0.639285714285714	0.332142857142857	0.675
281	-0.220640569395018	0.192170818505338	-0.266903914590747	0.263345195729537	0.348754448398576	0.647686832740214	0.306049822064057	0.693950177935943	0.366548042704626	0.644128113879004	0.323843416370107	0.676156583629893
282	-0.198581560283688	0.187943262411348	-0.25886524822695	0.234042553191489	0.351063829787234	0.634751773049645	0.297872340425532	0.677304964539007	0.358156028368794	0.627659574468085	0.322695035460993	0.673758865248227
283	-0.212014134275618	0.19434628975265	-0.247349823321555	0.250883392226148	0.353356890459364	0.639575971731449	0.325088339222615	0.681978798586572	0.371024734982332	0.639575971731449	0.335689045936396	0.664310954063604
284	-0.197183098591549	0.190140845070423	-0.26056338028169	0.285211267605634	0.355633802816901	0.647887323943662	0.295774647887324	0.686619718309859	0.362676056338028	0.644366197183099	0.320422535211268	0.711267605633803
285	-0.196491228070175	0.214035087719298	-0.280701754385965	0.305263157894737	0.350877192982456	0.649122807017544	0.32280701754386	0.694736842105263	0.354385964912281	0.642105263157895	0.305263157894737	0.680701754385965
286	-0.199300699300699	0.185314685314685	-0.265734265734266	0.244755244755245	0.353146853146853	0.63986013986014	0.314685314685315	0.671328671328671	0.36013986013986	0.646853146853147	0.307692307692308	0.685314685314685
287	-0.205574912891986	0.212543554006969	-0.278745644599303	0.268292682926829	0.341463414634146	0.651567944250871	0.299651567944251	0.686411149825784	0.358885017421603	0.644599303135889	0.313588850174216	0.689895470383275
288	-0.180555555555556	0.1875	-0.222222222222222	0.267361111111111	0.364583333333333	0.649305555555556	0.298611111111111	0.680555555555556	0.364583333333333	0.638888888888889	0.319444444444444	0.680555555555556
289	-0.197231833910035	0.207612456747405	-0.283737024221453	0.259515570934256	0.363321799307958	0.643598615916955	0.314878892733564	0.685121107266436	0.346020761245675	0.640138408304498	0.311418685121107	0.692041522491349
290	-0.210344827586207	0.196551724137931	-0.272413793103448	0.241379310344828	0.362068965517241	0.627586206896552	0.313793103448276	0.66551724137931	0.358620689655172	0.644827586206897	0.33448275862069	0.682758620689655
291	-0.202749140893471	0.195876288659794	-0.25085910652921	0.254295532646048	0.353951890034364	0.63573883161512	0.29553264604811	0.670103092783505	0.357388316151203	0.639175257731959	0.316151202749141	0.676975945017182
292	-0.195205479452055	0.191780821917808	-0.26027397260274	0.25	0.35958904109589	0.633561643835616	0.335616438356164	0.674657534246575	0.352739726027397	0.633561643835616	0.301369863013699	0.671232876712329
293	-0.208191126279863	0.221843003412969	-0.266211604095563	0.279863481228669	0.36518771331058	0.638225255972696	0.313993174061433	0.675767918088737	0.337883959044369	0.638225255972696	0.296928327645051	0.68259385665529
294	-0.200680272108843	0.190476190476191	-0.285714285714286	0.231292517006803	0.363945578231293	0.636054421768708	0.326530612244898	0.670068027210884	0.363945578231293	0.642857142857143	0.319727891156463	0.69047619047619
295	-0.210169491525424	0.203389830508475	-0.28135593220339	0.254237288135593	0.345762711864407	0.640677966101695	0.308474576271186	0.684745762711864	0.36271186440678	0.644067796610169	0.325423728813559	0.674576271186441
296	-0.185810810810811	0.185810810810811	-0.263513513513513	0.226351351351351	0.35472972972973	0.635135135135135	0.317567567567568	0.679054054054054	0.364864864864865	0.631756756756757	0.314189189189189	0.672297297297297
297	-0.188552188552189	0.185185185185185	-0.259259259259259	0.259259259259259	0.363636363636364	0.62962962962963	0.313131313131313	0.663299663299663	0.356902356902357	0.63973063973064	0.306397306397306	0.676767676767677
298	-0.211409395973154	0.194630872483221	-0.291946308724832	0.258389261744967	0.355704697986577	0.63758389261745	0.305369127516779	0.681208053691275	0.355704697986577	0.634228187919463	0.308724832214765	0.671140939597315
299	-0.173913043478261	0.190635451505017	-0.237458193979933	0.234113712374582	0.374581939799331	0.632107023411371	0.341137123745819	0.692307692307692	0.361204013377926	0.632107023411371	0.311036789297659	0.692307692307692
300	-0.19	0.196666666666667	-0.266666666666667	0.263333333333333	0.36	0.646666666666667	0.316666666666667	0.683333333333333	0.356666666666667	0.633333333333333	0.31	0.67
