DEPTH	P_L_95	P_H_95	P_L_99	P_H_99	P_L_95_A	P_H_95_A	P_L_99_A	P_H_99_A	P_L_95_B	P_H_95_B	P_L_99_B	P_H_99_B
1	-1	1	-1	1	0	1	0	1	0	1	0	1
2	-1	1	-1	1	0	1	0	1	0	1	0	1
3	-0.666666666666667	0.666666666666667	-1	1	0	1	0	1	0	1	0	1
4	-0.75	0.75	-1	1	0	1	0	1	0	1	0	1
5	-0.6	0.6	-0.8	0.8	0	1	0	1	0	1	0	1
6	-0.5	0.5	-0.666666666666667	0.666666666666667	0.166666666666667	0.833333333333333	0	1	0.166666666666667	1	0	1
7	-0.571428571428571	0.571428571428571	-0.714285714285714	0.714285714285714	0.142857142857143	0.857142857142857	0	1	0.142857142857143	0.857142857142857	0	1
8	-0.5	0.5	-0.75	0.625	0.125	0.875	0	1	0.125	0.875	0.125	1
9	-0.444444444444444	0.444444444444444	-0.555555555555556	0.666666666666667	0.111111111111111	0.888888888888889	0.111111111111111	1	0.111111111111111	0.777777777777778	0.111111111111111	0.888888888888889
10	-0.5	0.5	-0.6	0.6	0.2	0.8	0.1	0.9	0.2	0.8	0.1	0.9
11	-0.454545454545455	0.454545454545455	-0.636363636363636	0.545454545454546	0.181818181818182	0.818181818181818	0.0909090909090909	0.909090909090909	0.181818181818182	0.818181818181818	0.0909090909090909	0.909090909090909
12	-0.416666666666667	0.5	-0.583333333333333	0.583333333333333	0.25	0.833333333333333	0.166666666666667	0.916666666666667	0.166666666666667	0.75	0.0833333333333333	0.916666666666667
13	-0.461538461538462	0.384615384615385	-0.538461538461539	0.538461538461539	0.230769230769231	0.769230769230769	0.153846153846154	0.846153846153846	0.230769230769231	0.769230769230769	0.153846153846154	0.846153846153846
14	-0.428571428571429	0.428571428571429	-0.5	0.5	0.214285714285714	0.785714285714286	0.142857142857143	0.857142857142857	0.214285714285714	0.785714285714286	0.142857142857143	0.857142857142857
15	-0.4	0.4	-0.533333333333333	0.533333333333333	0.2	0.8	0.133333333333333	0.866666666666667	0.2	0.8	0.133333333333333	0.866666666666667
16	-0.375	0.375	-0.5	0.5	0.25	0.75	0.125	0.8125	0.25	0.8125	0.125	0.8125
17	-0.352941176470588	0.352941176470588	-0.470588235294118	0.470588235294118	0.235294117647059	0.764705882352941	0.117647058823529	0.823529411764706	0.235294117647059	0.764705882352941	0.176470588235294	0.823529411764706
18	-0.333333333333333	0.388888888888889	-0.444444444444444	0.5	0.222222222222222	0.777777777777778	0.166666666666667	0.833333333333333	0.222222222222222	0.722222222222222	0.111111111111111	0.833333333333333
19	-0.368421052631579	0.368421052631579	-0.473684210526316	0.473684210526316	0.210526315789474	0.736842105263158	0.157894736842105	0.789473684210526	0.210526315789474	0.736842105263158	0.105263157894737	0.842105263157895
20	-0.35	0.4	-0.45	0.5	0.25	0.75	0.15	0.85	0.25	0.75	0.15	0.85
21	-0.380952380952381	0.380952380952381	-0.476190476190476	0.476190476190476	0.285714285714286	0.761904761904762	0.19047619047619	0.80952380952381	0.238095238095238	0.761904761904762	0.19047619047619	0.80952380952381
22	-0.363636363636364	0.318181818181818	-0.454545454545455	0.5	0.272727272727273	0.772727272727273	0.181818181818182	0.818181818181818	0.272727272727273	0.772727272727273	0.181818181818182	0.818181818181818
23	-0.347826086956522	0.347826086956522	-0.434782608695652	0.434782608695652	0.260869565217391	0.739130434782609	0.173913043478261	0.782608695652174	0.260869565217391	0.782608695652174	0.173913043478261	0.826086956521739
24	-0.333333333333333	0.333333333333333	-0.416666666666667	0.458333333333333	0.25	0.75	0.166666666666667	0.833333333333333	0.25	0.708333333333333	0.166666666666667	0.791666666666667
25	-0.36	0.32	-0.44	0.44	0.24	0.72	0.2	0.84	0.28	0.72	0.2	0.8
26	-0.346153846153846	0.307692307692308	-0.423076923076923	0.423076923076923	0.269230769230769	0.730769230769231	0.192307692307692	0.807692307692308	0.269230769230769	0.730769230769231	0.192307692307692	0.807692307692308
27	-0.333333333333333	0.333333333333333	-0.444444444444444	0.407407407407407	0.259259259259259	0.703703703703704	0.185185185185185	0.777777777777778	0.259259259259259	0.740740740740741	0.222222222222222	0.814814814814815
28	-0.357142857142857	0.285714285714286	-0.428571428571429	0.392857142857143	0.25	0.714285714285714	0.178571428571429	0.785714285714286	0.285714285714286	0.75	0.214285714285714	0.785714285714286
29	-0.310344827586207	0.310344827586207	-0.379310344827586	0.448275862068966	0.275862068965517	0.724137931034483	0.241379310344828	0.758620689655172	0.275862068965517	0.724137931034483	0.206896551724138	0.758620689655172
30	-0.3	0.266666666666667	-0.433333333333333	0.366666666666667	0.266666666666667	0.733333333333333	0.233333333333333	0.8	0.266666666666667	0.733333333333333	0.2	0.8
31	-0.32258064516129	0.32258064516129	-0.451612903225806	0.387096774193548	0.258064516129032	0.709677419354839	0.193548387096774	0.774193548387097	0.290322580645161	0.741935483870968	0.225806451612903	0.774193548387097
32	-0.28125	0.34375	-0.4375	0.46875	0.28125	0.75	0.21875	0.8125	0.28125	0.71875	0.21875	0.78125
33	-0.303030303030303	0.333333333333333	-0.454545454545455	0.424242424242424	0.303030303030303	0.727272727272727	0.242424242424242	0.787878787878788	0.272727272727273	0.696969696969697	0.212121212121212	0.757575757575758
34	-0.323529411764706	0.294117647058824	-0.441176470588235	0.411764705882353	0.294117647058824	0.705882352941177	0.205882352941176	0.764705882352941	0.264705882352941	0.705882352941177	0.205882352941176	0.794117647058823
35	-0.314285714285714	0.285714285714286	-0.428571428571429	0.4	0.285714285714286	0.714285714285714	0.2	0.771428571428571	0.285714285714286	0.714285714285714	0.2	0.8
36	-0.305555555555556	0.277777777777778	-0.388888888888889	0.361111111111111	0.277777777777778	0.722222222222222	0.222222222222222	0.777777777777778	0.277777777777778	0.694444444444444	0.222222222222222	0.75
37	-0.297297297297297	0.27027027027027	-0.378378378378378	0.351351351351351	0.297297297297297	0.702702702702703	0.216216216216216	0.783783783783784	0.297297297297297	0.702702702702703	0.216216216216216	0.783783783783784
38	-0.289473684210526	0.315789473684211	-0.368421052631579	0.394736842105263	0.315789473684211	0.710526315789474	0.210526315789474	0.763157894736842	0.289473684210526	0.684210526315789	0.236842105263158	0.736842105263158
39	-0.307692307692308	0.256410256410256	-0.384615384615385	0.333333333333333	0.282051282051282	0.692307692307692	0.230769230769231	0.743589743589744	0.307692307692308	0.717948717948718	0.256410256410256	0.769230769230769
40	-0.3	0.275	-0.35	0.375	0.3	0.7	0.25	0.75	0.275	0.7	0.225	0.75
41	-0.317073170731707	0.292682926829268	-0.414634146341463	0.390243902439024	0.292682926829268	0.707317073170732	0.24390243902439	0.780487804878049	0.292682926829268	0.731707317073171	0.195121951219512	0.780487804878049
42	-0.261904761904762	0.285714285714286	-0.357142857142857	0.380952380952381	0.30952380952381	0.714285714285714	0.238095238095238	0.761904761904762	0.285714285714286	0.69047619047619	0.238095238095238	0.761904761904762
43	-0.27906976744186	0.27906976744186	-0.372093023255814	0.395348837209302	0.27906976744186	0.697674418604651	0.209302325581395	0.767441860465116	0.27906976744186	0.697674418604651	0.255813953488372	0.720930232558139
44	-0.295454545454545	0.272727272727273	-0.340909090909091	0.386363636363636	0.318181818181818	0.704545454545455	0.227272727272727	0.75	0.295454545454545	0.704545454545455	0.227272727272727	0.772727272727273
45	-0.288888888888889	0.266666666666667	-0.422222222222222	0.333333333333333	0.288888888888889	0.688888888888889	0.222222222222222	0.733333333333333	0.311111111111111	0.688888888888889	0.266666666666667	0.755555555555556
46	-0.282608695652174	0.282608695652174	-0.347826086956522	0.347826086956522	0.304347826086957	0.717391304347826	0.239130434782609	0.782608695652174	0.304347826086957	0.695652173913043	0.239130434782609	0.760869565217391
47	-0.276595744680851	0.276595744680851	-0.382978723404255	0.382978723404255	0.297872340425532	0.702127659574468	0.234042553191489	0.74468085106383	0.297872340425532	0.680851063829787	0.25531914893617	0.765957446808511
48	-0.291666666666667	0.291666666666667	-0.375	0.375	0.3125	0.708333333333333	0.25	0.75	0.3125	0.708333333333333	0.25	0.75
49	-0.285714285714286	0.285714285714286	-0.346938775510204	0.36734693877551	0.306122448979592	0.693877551020408	0.244897959183673	0.755102040816326	0.306122448979592	0.693877551020408	0.224489795918367	0.755102040816326
50	-0.26	0.3	-0.34	0.34	0.3	0.7	0.26	0.76	0.3	0.7	0.26	0.74
51	-0.254901960784314	0.274509803921569	-0.372549019607843	0.392156862745098	0.313725490196078	0.705882352941177	0.235294117647059	0.745098039215686	0.294117647058824	0.686274509803922	0.235294117647059	0.725490196078431
52	-0.269230769230769	0.269230769230769	-0.346153846153846	0.326923076923077	0.307692307692308	0.711538461538462	0.269230769230769	0.730769230769231	0.307692307692308	0.692307692307692	0.269230769230769	0.730769230769231
53	-0.283018867924528	0.245283018867925	-0.377358490566038	0.30188679245283	0.30188679245283	0.679245283018868	0.226415094339623	0.735849056603774	0.320754716981132	0.69811320754717	0.264150943396226	0.754716981132076
54	-0.277777777777778	0.277777777777778	-0.351851851851852	0.333333333333333	0.314814814814815	0.685185185185185	0.259259259259259	0.740740740740741	0.314814814814815	0.685185185185185	0.240740740740741	0.740740740740741
55	-0.290909090909091	0.254545454545455	-0.4	0.363636363636364	0.290909090909091	0.672727272727273	0.2	0.727272727272727	0.327272727272727	0.690909090909091	0.254545454545455	0.727272727272727
56	-0.285714285714286	0.267857142857143	-0.392857142857143	0.339285714285714	0.303571428571429	0.696428571428571	0.232142857142857	0.767857142857143	0.303571428571429	0.696428571428571	0.25	0.767857142857143
57	-0.280701754385965	0.263157894736842	-0.350877192982456	0.315789473684211	0.315789473684211	0.684210526315789	0.263157894736842	0.736842105263158	0.315789473684211	0.684210526315789	0.245614035087719	0.736842105263158
58	-0.275862068965517	0.258620689655172	-0.344827586206897	0.327586206896552	0.310344827586207	0.672413793103448	0.241379310344828	0.741379310344828	0.310344827586207	0.689655172413793	0.258620689655172	0.724137931034483
59	-0.271186440677966	0.254237288135593	-0.372881355932203	0.322033898305085	0.322033898305085	0.694915254237288	0.23728813559322	0.745762711864407	0.322033898305085	0.694915254237288	0.271186440677966	0.745762711864407
60	-0.283333333333333	0.266666666666667	-0.4	0.35	0.283333333333333	0.683333333333333	0.233333333333333	0.733333333333333	0.316666666666667	0.683333333333333	0.266666666666667	0.733333333333333
61	-0.278688524590164	0.245901639344262	-0.377049180327869	0.360655737704918	0.295081967213115	0.672131147540984	0.229508196721311	0.721311475409836	0.311475409836066	0.688524590163934	0.262295081967213	0.754098360655738
62	-0.290322580645161	0.258064516129032	-0.338709677419355	0.370967741935484	0.306451612903226	0.67741935483871	0.258064516129032	0.741935483870968	0.32258064516129	0.693548387096774	0.274193548387097	0.741935483870968
63	-0.26984126984127	0.253968253968254	-0.333333333333333	0.365079365079365	0.317460317460317	0.682539682539683	0.26984126984127	0.746031746031746	0.317460317460317	0.682539682539683	0.238095238095238	0.714285714285714
64	-0.265625	0.265625	-0.359375	0.34375	0.3125	0.6875	0.25	0.75	0.3125	0.6875	0.28125	0.734375
65	-0.276923076923077	0.261538461538462	-0.369230769230769	0.338461538461538	0.323076923076923	0.676923076923077	0.246153846153846	0.723076923076923	0.323076923076923	0.676923076923077	0.276923076923077	0.753846153846154
66	-0.257575757575758	0.272727272727273	-0.333333333333333	0.348484848484849	0.318181818181818	0.681818181818182	0.242424242424242	0.727272727272727	0.303030303030303	0.681818181818182	0.242424242424242	0.742424242424242
67	-0.253731343283582	0.26865671641791	-0.358208955223881	0.343283582089552	0.328358208955224	0.686567164179104	0.238805970149254	0.73134328358209	0.313432835820896	0.686567164179104	0.26865671641791	0.73134328358209
68	-0.264705882352941	0.25	-0.352941176470588	0.323529411764706	0.308823529411765	0.691176470588235	0.264705882352941	0.720588235294118	0.323529411764706	0.676470588235294	0.264705882352941	0.75
69	-0.260869565217391	0.260869565217391	-0.333333333333333	0.304347826086957	0.318840579710145	0.681159420289855	0.260869565217391	0.739130434782609	0.318840579710145	0.695652173913043	0.260869565217391	0.753623188405797
70	-0.257142857142857	0.271428571428571	-0.342857142857143	0.342857142857143	0.3	0.685714285714286	0.242857142857143	0.728571428571429	0.314285714285714	0.671428571428571	0.242857142857143	0.714285714285714
71	-0.253521126760563	0.253521126760563	-0.366197183098592	0.338028169014085	0.323943661971831	0.676056338028169	0.23943661971831	0.746478873239437	0.323943661971831	0.690140845070423	0.28169014084507	0.76056338028169
72	-0.25	0.263888888888889	-0.347222222222222	0.347222222222222	0.319444444444444	0.680555555555556	0.25	0.708333333333333	0.305555555555556	0.680555555555556	0.25	0.722222222222222
73	-0.246575342465753	0.232876712328767	-0.328767123287671	0.301369863013699	0.315068493150685	0.671232876712329	0.26027397260274	0.712328767123288	0.328767123287671	0.671232876712329	0.273972602739726	0.712328767123288
74	-0.22972972972973	0.256756756756757	-0.324324324324324	0.351351351351351	0.310810810810811	0.689189189189189	0.27027027027027	0.72972972972973	0.310810810810811	0.675675675675676	0.27027027027027	0.716216216216216
75	-0.253333333333333	0.253333333333333	-0.333333333333333	0.333333333333333	0.32	0.68	0.266666666666667	0.72	0.32	0.693333333333333	0.253333333333333	0.733333333333333
76	-0.263157894736842	0.236842105263158	-0.342105263157895	0.328947368421053	0.328947368421053	0.671052631578947	0.276315789473684	0.723684210526316	0.328947368421053	0.671052631578947	0.263157894736842	0.75
77	-0.25974025974026	0.25974025974026	-0.337662337662338	0.324675324675325	0.337662337662338	0.688311688311688	0.285714285714286	0.753246753246753	0.324675324675325	0.675324675324675	0.246753246753247	0.727272727272727
78	-0.243589743589744	0.243589743589744	-0.320512820512821	0.333333333333333	0.333333333333333	0.67948717948718	0.294871794871795	0.717948717948718	0.320512820512821	0.666666666666667	0.269230769230769	0.705128205128205
79	-0.253164556962025	0.253164556962025	-0.316455696202532	0.316455696202532	0.316455696202532	0.683544303797468	0.278481012658228	0.746835443037975	0.316455696202532	0.670886075949367	0.265822784810127	0.721518987341772
80	-0.25	0.25	-0.3375	0.35	0.325	0.6875	0.2875	0.7375	0.325	0.675	0.2875	0.725
81	-0.259259259259259	0.259259259259259	-0.345679012345679	0.37037037037037	0.333333333333333	0.679012345679012	0.283950617283951	0.740740740740741	0.320987654320988	0.666666666666667	0.246913580246914	0.728395061728395
82	-0.24390243902439	0.25609756097561	-0.329268292682927	0.304878048780488	0.317073170731707	0.670731707317073	0.25609756097561	0.719512195121951	0.317073170731707	0.670731707317073	0.24390243902439	0.719512195121951
83	-0.253012048192771	0.253012048192771	-0.313253012048193	0.36144578313253	0.337349397590361	0.686746987951807	0.27710843373494	0.72289156626506	0.325301204819277	0.674698795180723	0.27710843373494	0.734939759036145
84	-0.261904761904762	0.238095238095238	-0.333333333333333	0.30952380952381	0.321428571428571	0.666666666666667	0.273809523809524	0.714285714285714	0.321428571428571	0.678571428571429	0.273809523809524	0.714285714285714
85	-0.258823529411765	0.235294117647059	-0.341176470588235	0.294117647058824	0.317647058823529	0.670588235294118	0.258823529411765	0.717647058823529	0.329411764705882	0.670588235294118	0.282352941176471	0.729411764705882
86	-0.255813953488372	0.232558139534884	-0.313953488372093	0.302325581395349	0.325581395348837	0.662790697674419	0.27906976744186	0.709302325581395	0.325581395348837	0.674418604651163	0.290697674418605	0.720930232558139
87	-0.252873563218391	0.252873563218391	-0.344827586206897	0.298850574712644	0.32183908045977	0.666666666666667	0.252873563218391	0.724137931034483	0.32183908045977	0.689655172413793	0.275862068965517	0.747126436781609
88	-0.261363636363636	0.25	-0.363636363636364	0.363636363636364	0.318181818181818	0.681818181818182	0.261363636363636	0.715909090909091	0.318181818181818	0.670454545454545	0.25	0.727272727272727
89	-0.247191011235955	0.235955056179775	-0.337078651685393	0.303370786516854	0.314606741573034	0.674157303370786	0.258426966292135	0.719101123595506	0.337078651685393	0.674157303370786	0.269662921348315	0.719101123595506
90	-0.222222222222222	0.244444444444444	-0.3	0.3	0.333333333333333	0.655555555555556	0.288888888888889	0.711111111111111	0.322222222222222	0.677777777777778	0.255555555555556	0.711111111111111
91	-0.241758241758242	0.263736263736264	-0.32967032967033	0.318681318681319	0.307692307692308	0.681318681318681	0.274725274725275	0.714285714285714	0.340659340659341	0.681318681318681	0.285714285714286	0.725274725274725
92	-0.228260869565217	0.260869565217391	-0.293478260869565	0.33695652173913	0.326086956521739	0.684782608695652	0.271739130434783	0.728260869565217	0.315217391304348	0.66304347826087	0.260869565217391	0.706521739130435
93	-0.247311827956989	0.268817204301075	-0.344086021505376	0.333333333333333	0.301075268817204	0.666666666666667	0.258064516129032	0.720430107526882	0.32258064516129	0.655913978494624	0.279569892473118	0.709677419354839
94	-0.24468085106383	0.25531914893617	-0.308510638297872	0.319148936170213	0.319148936170213	0.680851063829787	0.265957446808511	0.734042553191489	0.329787234042553	0.670212765957447	0.25531914893617	0.734042553191489
95	-0.242105263157895	0.231578947368421	-0.336842105263158	0.305263157894737	0.326315789473684	0.663157894736842	0.273684210526316	0.705263157894737	0.326315789473684	0.673684210526316	0.284210526315789	0.715789473684211
96	-0.25	0.25	-0.34375	0.302083333333333	0.333333333333333	0.666666666666667	0.260416666666667	0.71875	0.333333333333333	0.666666666666667	0.270833333333333	0.729166666666667
97	-0.247422680412371	0.237113402061856	-0.309278350515464	0.319587628865979	0.329896907216495	0.65979381443299	0.257731958762887	0.721649484536082	0.329896907216495	0.670103092783505	0.268041237113402	0.731958762886598
98	-0.244897959183673	0.244897959183673	-0.336734693877551	0.295918367346939	0.326530612244898	0.663265306122449	0.295918367346939	0.714285714285714	0.316326530612245	0.673469387755102	0.26530612244898	0.714285714285714
99	-0.232323232323232	0.232323232323232	-0.313131313131313	0.313131313131313	0.343434343434343	0.666666666666667	0.282828282828283	0.717171717171717	0.323232323232323	0.676767676767677	0.272727272727273	0.727272727272727
100	-0.25	0.25	-0.34	0.31	0.32	0.67	0.25	0.72	0.32	0.67	0.27	0.7
101	-0.217821782178218	0.257425742574257	-0.326732673267327	0.316831683168317	0.326732673267327	0.673267326732673	0.287128712871287	0.722772277227723	0.336633663366337	0.653465346534653	0.287128712871287	0.702970297029703
102	-0.235294117647059	0.245098039215686	-0.284313725490196	0.303921568627451	0.333333333333333	0.666666666666667	0.284313725490196	0.735294117647059	0.333333333333333	0.676470588235294	0.274509803921569	0.725490196078431
103	-0.233009708737864	0.242718446601942	-0.320388349514563	0.330097087378641	0.339805825242718	0.679611650485437	0.271844660194175	0.718446601941748	0.320388349514563	0.669902912621359	0.271844660194175	0.718446601941748
104	-0.25	0.230769230769231	-0.336538461538462	0.288461538461538	0.317307692307692	0.663461538461538	0.278846153846154	0.701923076923077	0.346153846153846	0.673076923076923	0.298076923076923	0.75
105	-0.257142857142857	0.257142857142857	-0.342857142857143	0.333333333333333	0.333333333333333	0.676190476190476	0.238095238095238	0.714285714285714	0.314285714285714	0.676190476190476	0.266666666666667	0.742857142857143
106	-0.235849056603774	0.235849056603774	-0.283018867924528	0.292452830188679	0.330188679245283	0.669811320754717	0.283018867924528	0.716981132075472	0.330188679245283	0.669811320754717	0.264150943396226	0.716981132075472
107	-0.233644859813084	0.242990654205607	-0.299065420560748	0.308411214953271	0.327102803738318	0.663551401869159	0.280373831775701	0.700934579439252	0.336448598130841	0.663551401869159	0.289719626168224	0.691588785046729
108	-0.231481481481482	0.231481481481482	-0.333333333333333	0.296296296296296	0.333333333333333	0.666666666666667	0.287037037037037	0.703703703703704	0.333333333333333	0.657407407407407	0.287037037037037	0.703703703703704
109	-0.229357798165138	0.229357798165138	-0.311926605504587	0.302752293577982	0.330275229357798	0.660550458715596	0.302752293577982	0.706422018348624	0.339449541284404	0.669724770642202	0.26605504587156	0.743119266055046
110	-0.263636363636364	0.227272727272727	-0.354545454545455	0.3	0.327272727272727	0.681818181818182	0.281818181818182	0.736363636363636	0.318181818181818	0.672727272727273	0.263636363636364	0.727272727272727
111	-0.234234234234234	0.252252252252252	-0.315315315315315	0.306306306306306	0.333333333333333	0.657657657657658	0.27027027027027	0.72972972972973	0.333333333333333	0.657657657657658	0.297297297297297	0.702702702702703
112	-0.258928571428571	0.25	-0.3125	0.3125	0.321428571428571	0.669642857142857	0.267857142857143	0.714285714285714	0.339285714285714	0.669642857142857	0.276785714285714	0.705357142857143
113	-0.247787610619469	0.238938053097345	-0.327433628318584	0.31858407079646	0.336283185840708	0.663716814159292	0.283185840707965	0.707964601769911	0.31858407079646	0.68141592920354	0.265486725663717	0.734513274336283
114	-0.236842105263158	0.228070175438596	-0.289473684210526	0.307017543859649	0.333333333333333	0.666666666666667	0.307017543859649	0.719298245614035	0.333333333333333	0.666666666666667	0.307017543859649	0.719298245614035
115	-0.252173913043478	0.226086956521739	-0.31304347826087	0.295652173913043	0.330434782608696	0.652173913043478	0.278260869565217	0.704347826086957	0.339130434782609	0.669565217391304	0.28695652173913	0.71304347826087
116	-0.258620689655172	0.232758620689655	-0.327586206896552	0.301724137931035	0.327586206896552	0.672413793103448	0.267241379310345	0.706896551724138	0.336206896551724	0.681034482758621	0.28448275862069	0.71551724137931
117	-0.239316239316239	0.222222222222222	-0.299145299145299	0.282051282051282	0.333333333333333	0.666666666666667	0.290598290598291	0.726495726495726	0.341880341880342	0.658119658119658	0.299145299145299	0.709401709401709
118	-0.228813559322034	0.23728813559322	-0.313559322033898	0.305084745762712	0.338983050847458	0.661016949152542	0.271186440677966	0.711864406779661	0.338983050847458	0.644067796610169	0.296610169491525	0.694915254237288
119	-0.235294117647059	0.226890756302521	-0.319327731092437	0.302521008403361	0.336134453781513	0.65546218487395	0.277310924369748	0.714285714285714	0.327731092436975	0.672268907563025	0.285714285714286	0.722689075630252
120	-0.233333333333333	0.233333333333333	-0.291666666666667	0.283333333333333	0.341666666666667	0.658333333333333	0.308333333333333	0.708333333333333	0.333333333333333	0.666666666666667	0.283333333333333	0.716666666666667
121	-0.239669421487603	0.239669421487603	-0.330578512396694	0.28099173553719	0.338842975206612	0.661157024793388	0.28099173553719	0.71900826446281	0.330578512396694	0.677685950413223	0.272727272727273	0.727272727272727
122	-0.229508196721312	0.237704918032787	-0.30327868852459	0.319672131147541	0.336065573770492	0.663934426229508	0.286885245901639	0.721311475409836	0.319672131147541	0.655737704918033	0.286885245901639	0.69672131147541
123	-0.235772357723577	0.211382113821138	-0.32520325203252	0.276422764227642	0.341463414634146	0.650406504065041	0.300813008130081	0.707317073170732	0.333333333333333	0.666666666666667	0.308943089430894	0.707317073170732
124	-0.201612903225806	0.258064516129032	-0.290322580645161	0.314516129032258	0.346774193548387	0.661290322580645	0.306451612903226	0.701612903225806	0.32258064516129	0.661290322580645	0.274193548387097	0.701612903225806
125	-0.232	0.24	-0.312	0.296	0.328	0.672	0.288	0.736	0.336	0.672	0.296	0.704
126	-0.23015873015873	0.23015873015873	-0.301587301587302	0.325396825396825	0.333333333333333	0.674603174603175	0.293650793650794	0.722222222222222	0.325396825396825	0.658730158730159	0.26984126984127	0.714285714285714
127	-0.236220472440945	0.244094488188976	-0.322834645669291	0.322834645669291	0.338582677165354	0.669291338582677	0.283464566929134	0.716535433070866	0.338582677165354	0.661417322834646	0.283464566929134	0.700787401574803
128	-0.2421875	0.234375	-0.3125	0.2890625	0.3359375	0.65625	0.2890625	0.6953125	0.3359375	0.6640625	0.265625	0.7109375
129	-0.232558139534884	0.232558139534884	-0.325581395348837	0.325581395348837	0.341085271317829	0.65891472868217	0.286821705426357	0.713178294573643	0.341085271317829	0.65891472868217	0.286821705426357	0.705426356589147
130	-0.230769230769231	0.230769230769231	-0.3	0.330769230769231	0.330769230769231	0.676923076923077	0.276923076923077	0.707692307692308	0.338461538461538	0.669230769230769	0.292307692307692	0.707692307692308
131	-0.236641221374046	0.229007633587786	-0.320610687022901	0.282442748091603	0.32824427480916	0.66412213740458	0.282442748091603	0.702290076335878	0.343511450381679	0.67175572519084	0.274809160305344	0.725190839694656
132	-0.242424242424242	0.21969696969697	-0.295454545454545	0.310606060606061	0.333333333333333	0.659090909090909	0.287878787878788	0.71969696969697	0.333333333333333	0.666666666666667	0.287878787878788	0.704545454545455
133	-0.240601503759399	0.225563909774436	-0.300751879699248	0.300751879699248	0.338345864661654	0.654135338345865	0.300751879699248	0.691729323308271	0.323308270676692	0.669172932330827	0.255639097744361	0.714285714285714
134	-0.216417910447761	0.208955223880597	-0.291044776119403	0.305970149253731	0.335820895522388	0.649253731343284	0.283582089552239	0.686567164179104	0.335820895522388	0.664179104477612	0.283582089552239	0.716417910447761
135	-0.237037037037037	0.214814814814815	-0.325925925925926	0.274074074074074	0.333333333333333	0.651851851851852	0.296296296296296	0.703703703703704	0.333333333333333	0.674074074074074	0.281481481481481	0.733333333333333
136	-0.235294117647059	0.235294117647059	-0.338235294117647	0.301470588235294	0.330882352941176	0.661764705882353	0.286764705882353	0.691176470588235	0.330882352941176	0.661764705882353	0.279411764705882	0.705882352941177
137	-0.226277372262774	0.226277372262774	-0.313868613138686	0.291970802919708	0.343065693430657	0.664233576642336	0.299270072992701	0.708029197080292	0.343065693430657	0.664233576642336	0.313868613138686	0.693430656934307
138	-0.239130434782609	0.231884057971015	-0.282608695652174	0.282608695652174	0.340579710144928	0.666666666666667	0.297101449275362	0.710144927536232	0.340579710144928	0.659420289855073	0.289855072463768	0.710144927536232
139	-0.223021582733813	0.244604316546763	-0.258992805755396	0.309352517985612	0.338129496402878	0.661870503597122	0.287769784172662	0.719424460431655	0.323741007194245	0.654676258992806	0.258992805755396	0.690647482014389
140	-0.228571428571429	0.221428571428571	-0.292857142857143	0.328571428571429	0.335714285714286	0.664285714285714	0.285714285714286	0.714285714285714	0.342857142857143	0.657142857142857	0.307142857142857	0.707142857142857
141	-0.219858156028369	0.234042553191489	-0.276595744680851	0.290780141843972	0.340425531914894	0.652482269503546	0.283687943262411	0.702127659574468	0.354609929078014	0.659574468085106	0.304964539007092	0.687943262411348
142	-0.23943661971831	0.23943661971831	-0.330985915492958	0.295774647887324	0.316901408450704	0.654929577464789	0.26056338028169	0.690140845070423	0.338028169014085	0.647887323943662	0.288732394366197	0.690140845070423
143	-0.237762237762238	0.223776223776224	-0.314685314685315	0.293706293706294	0.335664335664336	0.657342657342657	0.286713286713287	0.699300699300699	0.335664335664336	0.664335664335664	0.286713286713287	0.699300699300699
144	-0.229166666666667	0.222222222222222	-0.291666666666667	0.284722222222222	0.354166666666667	0.659722222222222	0.319444444444444	0.715277777777778	0.333333333333333	0.673611111111111	0.277777777777778	0.722222222222222
145	-0.227586206896552	0.213793103448276	-0.310344827586207	0.296551724137931	0.344827586206897	0.662068965517241	0.296551724137931	0.703448275862069	0.344827586206897	0.655172413793103	0.289655172413793	0.717241379310345
146	-0.23972602739726	0.23972602739726	-0.294520547945206	0.294520547945205	0.335616438356164	0.657534246575342	0.287671232876712	0.712328767123288	0.328767123287671	0.664383561643836	0.273972602739726	0.712328767123288
147	-0.231292517006803	0.231292517006803	-0.306122448979592	0.306122448979592	0.333333333333333	0.673469387755102	0.27891156462585	0.714285714285714	0.340136054421769	0.653061224489796	0.292517006802721	0.714285714285714
148	-0.222972972972973	0.222972972972973	-0.290540540540541	0.297297297297297	0.337837837837838	0.655405405405405	0.27027027027027	0.689189189189189	0.337837837837838	0.668918918918919	0.263513513513513	0.695945945945946
149	-0.221476510067114	0.221476510067114	-0.281879194630872	0.288590604026846	0.342281879194631	0.657718120805369	0.275167785234899	0.704697986577181	0.335570469798658	0.664429530201342	0.281879194630872	0.711409395973154
150	-0.226666666666667	0.226666666666667	-0.306666666666667	0.313333333333333	0.333333333333333	0.673333333333333	0.273333333333333	0.713333333333333	0.34	0.66	0.306666666666667	0.706666666666667
151	-0.218543046357616	0.231788079470199	-0.264900662251656	0.304635761589404	0.344370860927152	0.675496688741722	0.291390728476821	0.721854304635762	0.337748344370861	0.655629139072848	0.291390728476821	0.695364238410596
152	-0.230263157894737	0.236842105263158	-0.335526315789474	0.302631578947368	0.335526315789474	0.651315789473684	0.296052631578947	0.703947368421053	0.328947368421053	0.671052631578947	0.282894736842105	0.736842105263158
153	-0.215686274509804	0.209150326797386	-0.281045751633987	0.300653594771242	0.339869281045752	0.660130718954248	0.294117647058824	0.699346405228758	0.34640522875817	0.673202614379085	0.294117647058824	0.73202614379085
154	-0.214285714285714	0.214285714285714	-0.305194805194805	0.292207792207792	0.337662337662338	0.662337662337662	0.298701298701299	0.694805194805195	0.331168831168831	0.662337662337662	0.272727272727273	0.707792207792208
155	-0.245161290322581	0.206451612903226	-0.303225806451613	0.270967741935484	0.341935483870968	0.67741935483871	0.290322580645161	0.716129032258065	0.348387096774194	0.670967741935484	0.270967741935484	0.709677419354839
156	-0.230769230769231	0.237179487179487	-0.326923076923077	0.314102564102564	0.33974358974359	0.666666666666667	0.275641025641026	0.724358974358974	0.346153846153846	0.666666666666667	0.288461538461538	0.711538461538462
157	-0.229299363057325	0.21656050955414	-0.292993630573248	0.299363057324841	0.343949044585987	0.656050955414013	0.280254777070064	0.707006369426752	0.337579617834395	0.668789808917197	0.292993630573248	0.713375796178344
158	-0.227848101265823	0.215189873417722	-0.278481012658228	0.310126582278481	0.329113924050633	0.651898734177215	0.278481012658228	0.721518987341772	0.341772151898734	0.658227848101266	0.310126582278481	0.721518987341772
159	-0.245283018867924	0.213836477987421	-0.30188679245283	0.283018867924528	0.327044025157233	0.666666666666667	0.283018867924528	0.716981132075472	0.352201257861635	0.666666666666667	0.308176100628931	0.723270440251572
160	-0.225	0.23125	-0.325	0.31875	0.3375	0.65625	0.29375	0.69375	0.33125	0.6625	0.29375	0.69375
161	-0.22360248447205	0.22360248447205	-0.298136645962733	0.285714285714286	0.341614906832298	0.658385093167702	0.304347826086957	0.701863354037267	0.329192546583851	0.652173913043478	0.273291925465839	0.701863354037267
162	-0.228395061728395	0.234567901234568	-0.271604938271605	0.277777777777778	0.339506172839506	0.660493827160494	0.283950617283951	0.703703703703704	0.339506172839506	0.660493827160494	0.296296296296296	0.703703703703704
163	-0.233128834355828	0.233128834355828	-0.282208588957055	0.312883435582822	0.343558282208589	0.662576687116564	0.288343558282209	0.705521472392638	0.337423312883436	0.656441717791411	0.294478527607362	0.723926380368098
164	-0.24390243902439	0.219512195121951	-0.317073170731707	0.280487804878049	0.323170731707317	0.658536585365854	0.280487804878049	0.725609756097561	0.347560975609756	0.670731707317073	0.317073170731707	0.707317073170732
165	-0.236363636363636	0.206060606060606	-0.303030303030303	0.278787878787879	0.339393939393939	0.660606060606061	0.284848484848485	0.696969696969697	0.345454545454545	0.672727272727273	0.303030303030303	0.727272727272727
166	-0.234939759036145	0.228915662650602	-0.301204819277108	0.289156626506024	0.343373493975904	0.656626506024096	0.295180722891566	0.698795180722892	0.343373493975904	0.668674698795181	0.283132530120482	0.704819277108434
167	-0.233532934131736	0.239520958083832	-0.275449101796407	0.29940119760479	0.329341317365269	0.658682634730539	0.275449101796407	0.70059880239521	0.341317365269461	0.646706586826347	0.293413173652695	0.706586826347305
168	-0.232142857142857	0.214285714285714	-0.297619047619048	0.297619047619048	0.339285714285714	0.660714285714286	0.291666666666667	0.714285714285714	0.339285714285714	0.666666666666667	0.261904761904762	0.708333333333333
169	-0.21301775147929	0.224852071005917	-0.284023668639053	0.301775147928994	0.337278106508876	0.656804733727811	0.284023668639053	0.72189349112426	0.331360946745562	0.656804733727811	0.307692307692308	0.698224852071006
170	-0.217647058823529	0.235294117647059	-0.282352941176471	0.276470588235294	0.341176470588235	0.664705882352941	0.294117647058824	0.705882352941177	0.347058823529412	0.658823529411765	0.317647058823529	0.717647058823529
171	-0.222222222222222	0.233918128654971	-0.298245614035088	0.286549707602339	0.339181286549708	0.666666666666667	0.269005847953216	0.713450292397661	0.333333333333333	0.649122807017544	0.274853801169591	0.701754385964912
172	-0.226744186046512	0.226744186046512	-0.290697674418605	0.296511627906977	0.343023255813953	0.645348837209302	0.302325581395349	0.703488372093023	0.325581395348837	0.662790697674419	0.267441860465116	0.715116279069767
173	-0.219653179190751	0.225433526011561	-0.346820809248555	0.283236994219653	0.341040462427746	0.653179190751445	0.300578034682081	0.710982658959538	0.341040462427746	0.664739884393064	0.289017341040462	0.710982658959538
174	-0.241379310344828	0.235632183908046	-0.32183908045977	0.275862068965517	0.327586206896552	0.660919540229885	0.281609195402299	0.706896551724138	0.344827586206897	0.655172413793103	0.310344827586207	0.71264367816092
175	-0.217142857142857	0.234285714285714	-0.297142857142857	0.302857142857143	0.342857142857143	0.657142857142857	0.291428571428571	0.714285714285714	0.348571428571429	0.657142857142857	0.285714285714286	0.697142857142857
176	-0.215909090909091	0.227272727272727	-0.295454545454545	0.289772727272727	0.346590909090909	0.664772727272727	0.301136363636364	0.704545454545455	0.340909090909091	0.659090909090909	0.295454545454545	0.693181818181818
177	-0.203389830508475	0.231638418079096	-0.282485875706215	0.305084745762712	0.344632768361582	0.661016949152542	0.293785310734463	0.706214689265537	0.338983050847458	0.644067796610169	0.299435028248588	0.68361581920904
178	-0.241573033707865	0.230337078651685	-0.308988764044944	0.292134831460674	0.331460674157303	0.651685393258427	0.280898876404494	0.685393258426966	0.342696629213483	0.662921348314607	0.280898876404494	0.702247191011236
179	-0.223463687150838	0.217877094972067	-0.29608938547486	0.279329608938547	0.35195530726257	0.653631284916201	0.301675977653631	0.698324022346369	0.35195530726257	0.664804469273743	0.290502793296089	0.709497206703911
180	-0.216666666666667	0.222222222222222	-0.261111111111111	0.272222222222222	0.344444444444444	0.65	0.283333333333333	0.683333333333333	0.344444444444444	0.661111111111111	0.277777777777778	0.694444444444444
181	-0.204419889502762	0.220994475138121	-0.276243093922652	0.270718232044199	0.342541436464088	0.662983425414365	0.287292817679558	0.718232044198895	0.331491712707182	0.657458563535912	0.281767955801105	0.69060773480663
182	-0.236263736263736	0.230769230769231	-0.307692307692308	0.285714285714286	0.335164835164835	0.653846153846154	0.274725274725275	0.692307692307692	0.335164835164835	0.664835164835165	0.28021978021978	0.703296703296703
183	-0.218579234972678	0.229508196721311	-0.278688524590164	0.300546448087432	0.344262295081967	0.66120218579235	0.311475409836066	0.693989071038251	0.333333333333333	0.666666666666667	0.295081967213115	0.688524590163934
184	-0.222826086956522	0.21195652173913	-0.282608695652174	0.271739130434783	0.347826086956522	0.668478260869565	0.298913043478261	0.706521739130435	0.342391304347826	0.657608695652174	0.28804347826087	0.717391304347826
185	-0.227027027027027	0.248648648648649	-0.302702702702703	0.318918918918919	0.340540540540541	0.659459459459459	0.286486486486487	0.697297297297297	0.335135135135135	0.659459459459459	0.27027027027027	0.708108108108108
186	-0.231182795698925	0.209677419354839	-0.301075268817204	0.274193548387097	0.344086021505376	0.661290322580645	0.306451612903226	0.71505376344086	0.349462365591398	0.645161290322581	0.306451612903226	0.693548387096774
187	-0.235294117647059	0.245989304812834	-0.304812834224599	0.288770053475936	0.331550802139037	0.663101604278075	0.299465240641711	0.711229946524064	0.336898395721925	0.663101604278075	0.288770053475936	0.711229946524064
188	-0.234042553191489	0.223404255319149	-0.276595744680851	0.271276595744681	0.345744680851064	0.659574468085106	0.287234042553192	0.686170212765957	0.345744680851064	0.654255319148936	0.281914893617021	0.712765957446808
189	-0.227513227513228	0.216931216931217	-0.296296296296296	0.291005291005291	0.349206349206349	0.650793650793651	0.301587301587302	0.703703703703704	0.338624338624339	0.666666666666667	0.285714285714286	0.708994708994709
190	-0.205263157894737	0.236842105263158	-0.257894736842105	0.305263157894737	0.342105263157895	0.668421052631579	0.3	0.705263157894737	0.331578947368421	0.647368421052632	0.273684210526316	0.684210526315789
191	-0.214659685863874	0.230366492146597	-0.308900523560209	0.308900523560209	0.350785340314136	0.654450261780105	0.293193717277487	0.691099476439791	0.340314136125654	0.659685863874346	0.293193717277487	0.701570680628272
192	-0.223958333333333	0.21875	-0.291666666666667	0.286458333333333	0.34375	0.666666666666667	0.291666666666667	0.703125	0.34375	0.65625	0.286458333333333	0.703125
193	-0.22279792746114	0.212435233160622	-0.326424870466321	0.290155440414508	0.341968911917098	0.652849740932642	0.284974093264249	0.694300518134715	0.336787564766839	0.652849740932642	0.300518134715026	0.709844559585492
194	-0.22680412371134	0.22680412371134	-0.283505154639175	0.283505154639175	0.34020618556701	0.664948453608247	0.293814432989691	0.706185567010309	0.34020618556701	0.649484536082474	0.27319587628866	0.701030927835051
195	-0.220512820512821	0.220512820512821	-0.271794871794872	0.282051282051282	0.338461538461538	0.651282051282051	0.302564102564103	0.707692307692308	0.353846153846154	0.651282051282051	0.312820512820513	0.687179487179487
196	-0.23469387755102	0.209183673469388	-0.295918367346939	0.26530612244898	0.352040816326531	0.658163265306122	0.301020408163265	0.704081632653061	0.352040816326531	0.663265306122449	0.306122448979592	0.698979591836735
197	-0.238578680203046	0.228426395939086	-0.34010152284264	0.309644670050761	0.32994923857868	0.654822335025381	0.294416243654822	0.705583756345178	0.32994923857868	0.66497461928934	0.299492385786802	0.705583756345178
198	-0.222222222222222	0.227272727272727	-0.297979797979798	0.287878787878788	0.343434343434343	0.656565656565657	0.303030303030303	0.686868686868687	0.343434343434343	0.661616161616162	0.297979797979798	0.691919191919192
199	-0.221105527638191	0.231155778894472	-0.276381909547739	0.321608040201005	0.336683417085427	0.658291457286432	0.276381909547739	0.693467336683417	0.341708542713568	0.653266331658292	0.281407035175879	0.693467336683417
200	-0.245	0.215	-0.3	0.29	0.35	0.665	0.295	0.7	0.34	0.66	0.31	0.705
201	-0.218905472636816	0.223880597014925	-0.293532338308458	0.288557213930348	0.343283582089552	0.651741293532338	0.288557213930348	0.706467661691542	0.338308457711443	0.646766169154229	0.278606965174129	0.701492537313433
202	-0.217821782178218	0.232673267326733	-0.297029702970297	0.287128712871287	0.341584158415842	0.663366336633663	0.292079207920792	0.702970297029703	0.341584158415842	0.658415841584158	0.282178217821782	0.712871287128713
203	-0.211822660098522	0.211822660098522	-0.261083743842365	0.295566502463054	0.354679802955665	0.640394088669951	0.29064039408867	0.684729064039409	0.330049261083744	0.650246305418719	0.29064039408867	0.70935960591133
204	-0.225490196078431	0.220588235294118	-0.299019607843137	0.299019607843137	0.343137254901961	0.651960784313726	0.284313725490196	0.686274509803922	0.338235294117647	0.656862745098039	0.294117647058824	0.696078431372549
205	-0.214634146341463	0.219512195121951	-0.28780487804878	0.28780487804878	0.336585365853659	0.653658536585366	0.297560975609756	0.707317073170732	0.341463414634146	0.658536585365854	0.28780487804878	0.707317073170732
206	-0.20873786407767	0.233009708737864	-0.266990291262136	0.29126213592233	0.349514563106796	0.660194174757282	0.310679611650485	0.694174757281553	0.33495145631068	0.650485436893204	0.271844660194175	0.703883495145631
207	-0.217391304347826	0.207729468599034	-0.318840579710145	0.270531400966184	0.338164251207729	0.652173913043478	0.280193236714976	0.70048309178744	0.333333333333333	0.657004830917874	0.285024154589372	0.695652173913043
208	-0.225961538461538	0.221153846153846	-0.288461538461538	0.283653846153846	0.350961538461538	0.658653846153846	0.293269230769231	0.697115384615385	0.341346153846154	0.653846153846154	0.278846153846154	0.701923076923077
209	-0.220095693779904	0.210526315789474	-0.315789473684211	0.258373205741627	0.344497607655502	0.650717703349282	0.301435406698565	0.69377990430622	0.334928229665072	0.660287081339713	0.287081339712919	0.703349282296651
210	-0.223809523809524	0.223809523809524	-0.3	0.295238095238095	0.342857142857143	0.652380952380952	0.3	0.704761904761905	0.347619047619048	0.652380952380952	0.295238095238095	0.70952380952381
211	-0.232227488151659	0.227488151658768	-0.274881516587678	0.322274881516588	0.355450236966825	0.654028436018957	0.298578199052133	0.710900473933649	0.345971563981043	0.654028436018957	0.293838862559242	0.696682464454976
212	-0.221698113207547	0.226415094339623	-0.306603773584906	0.306603773584906	0.334905660377358	0.655660377358491	0.292452830188679	0.683962264150943	0.334905660377358	0.650943396226415	0.273584905660377	0.712264150943396
213	-0.225352112676056	0.215962441314554	-0.305164319248826	0.276995305164319	0.342723004694836	0.661971830985915	0.286384976525822	0.699530516431925	0.352112676056338	0.652582159624413	0.31924882629108	0.68075117370892
214	-0.200934579439252	0.210280373831776	-0.294392523364486	0.299065420560748	0.355140186915888	0.649532710280374	0.303738317757009	0.705607476635514	0.345794392523364	0.649532710280374	0.299065420560748	0.705607476635514
215	-0.232558139534884	0.213953488372093	-0.297674418604651	0.27906976744186	0.348837209302326	0.646511627906977	0.311627906976744	0.702325581395349	0.348837209302326	0.646511627906977	0.297674418604651	0.697674418604651
216	-0.217592592592593	0.208333333333333	-0.305555555555556	0.263888888888889	0.347222222222222	0.652777777777778	0.310185185185185	0.694444444444444	0.337962962962963	0.657407407407407	0.296296296296296	0.699074074074074
217	-0.221198156682028	0.207373271889401	-0.299539170506912	0.294930875576037	0.331797235023041	0.645161290322581	0.271889400921659	0.695852534562212	0.350230414746544	0.658986175115207	0.304147465437788	0.682027649769585
218	-0.220183486238532	0.229357798165138	-0.293577981651376	0.293577981651376	0.348623853211009	0.665137614678899	0.288990825688073	0.711009174311927	0.344036697247706	0.660550458715596	0.302752293577982	0.701834862385321
219	-0.214611872146119	0.214611872146119	-0.26027397260274	0.269406392694064	0.333333333333333	0.657534246575342	0.301369863013699	0.698630136986301	0.337899543378995	0.657534246575342	0.305936073059361	0.684931506849315
220	-0.227272727272727	0.209090909090909	-0.272727272727273	0.313636363636364	0.340909090909091	0.659090909090909	0.277272727272727	0.7	0.345454545454545	0.659090909090909	0.309090909090909	0.690909090909091
221	-0.230769230769231	0.221719457013575	-0.316742081447964	0.285067873303167	0.334841628959276	0.660633484162896	0.285067873303167	0.69683257918552	0.34841628959276	0.65158371040724	0.298642533936652	0.701357466063348
222	-0.211711711711712	0.220720720720721	-0.265765765765766	0.274774774774775	0.346846846846847	0.644144144144144	0.310810810810811	0.698198198198198	0.342342342342342	0.657657657657658	0.288288288288288	0.698198198198198
223	-0.2152466367713	0.224215246636771	-0.26457399103139	0.269058295964126	0.340807174887892	0.659192825112108	0.304932735426009	0.708520179372197	0.336322869955157	0.645739910313901	0.295964125560538	0.68609865470852
224	-0.209821428571429	0.223214285714286	-0.272321428571429	0.28125	0.348214285714286	0.647321428571429	0.294642857142857	0.683035714285714	0.34375	0.642857142857143	0.299107142857143	0.696428571428571
225	-0.213333333333333	0.217777777777778	-0.28	0.288888888888889	0.342222222222222	0.644444444444444	0.293333333333333	0.711111111111111	0.355555555555556	0.657777777777778	0.32	0.706666666666667
226	-0.216814159292035	0.212389380530973	-0.261061946902655	0.269911504424779	0.345132743362832	0.646017699115044	0.292035398230089	0.707964601769911	0.345132743362832	0.646017699115044	0.278761061946903	0.68141592920354
227	-0.220264317180617	0.237885462555066	-0.281938325991189	0.299559471365639	0.343612334801762	0.66079295154185	0.286343612334802	0.691629955947137	0.343612334801762	0.656387665198238	0.295154185022026	0.696035242290749
228	-0.214912280701754	0.219298245614035	-0.320175438596491	0.276315789473684	0.355263157894737	0.657894736842105	0.307017543859649	0.706140350877193	0.346491228070175	0.657894736842105	0.293859649122807	0.714912280701754
229	-0.22707423580786	0.209606986899563	-0.2882096069869	0.262008733624454	0.336244541484716	0.655021834061135	0.292576419213974	0.685589519650655	0.358078602620087	0.65938864628821	0.318777292576419	0.694323144104803
230	-0.21304347826087	0.221739130434783	-0.3	0.265217391304348	0.343478260869565	0.647826086956522	0.3	0.71304347826087	0.347826086956522	0.652173913043478	0.3	0.7
231	-0.220779220779221	0.225108225108225	-0.281385281385281	0.294372294372294	0.346320346320346	0.662337662337662	0.298701298701299	0.722943722943723	0.346320346320346	0.649350649350649	0.298701298701299	0.696969696969697
232	-0.219827586206897	0.224137931034483	-0.267241379310345	0.297413793103448	0.344827586206897	0.650862068965517	0.301724137931034	0.689655172413793	0.34051724137931	0.650862068965517	0.280172413793103	0.702586206896552
233	-0.223175965665236	0.210300429184549	-0.283261802575107	0.291845493562232	0.334763948497854	0.656652360515021	0.266094420600858	0.690987124463519	0.351931330472103	0.656652360515021	0.304721030042918	0.690987124463519
234	-0.230769230769231	0.209401709401709	-0.282051282051282	0.277777777777778	0.341880341880342	0.645299145299145	0.290598290598291	0.696581196581197	0.363247863247863	0.653846153846154	0.307692307692308	0.705128205128205
235	-0.221276595744681	0.212765957446809	-0.302127659574468	0.268085106382979	0.327659574468085	0.642553191489362	0.285106382978723	0.706382978723404	0.340425531914894	0.651063829787234	0.297872340425532	0.685106382978723
236	-0.224576271186441	0.207627118644068	-0.313559322033898	0.241525423728814	0.347457627118644	0.648305084745763	0.300847457627119	0.682203389830508	0.347457627118644	0.656779661016949	0.292372881355932	0.694915254237288
237	-0.215189873417722	0.206751054852321	-0.278481012658228	0.29957805907173	0.350210970464135	0.649789029535865	0.29535864978903	0.69620253164557	0.341772151898734	0.649789029535865	0.30379746835443	0.687763713080169
238	-0.23109243697479	0.210084033613445	-0.285714285714286	0.273109243697479	0.34453781512605	0.651260504201681	0.298319327731092	0.680672268907563	0.348739495798319	0.651260504201681	0.30672268907563	0.701680672268908
239	-0.225941422594142	0.217573221757322	-0.326359832635983	0.263598326359833	0.351464435146443	0.656903765690377	0.297071129707113	0.702928870292887	0.347280334728033	0.656903765690377	0.305439330543933	0.694560669456067
240	-0.233333333333333	0.229166666666667	-0.3	0.283333333333333	0.341666666666667	0.658333333333333	0.283333333333333	0.704166666666667	0.35	0.658333333333333	0.304166666666667	0.7
241	-0.232365145228216	0.20746887966805	-0.323651452282158	0.278008298755187	0.336099585062241	0.651452282157676	0.29045643153527	0.688796680497925	0.348547717842324	0.647302904564315	0.311203319502075	0.697095435684647
242	-0.227272727272727	0.21900826446281	-0.268595041322314	0.272727272727273	0.355371900826446	0.652892561983471	0.31404958677686	0.710743801652893	0.351239669421488	0.661157024793388	0.305785123966942	0.694214876033058
243	-0.234567901234568	0.205761316872428	-0.275720164609054	0.259259259259259	0.345679012345679	0.654320987654321	0.288065843621399	0.703703703703704	0.349794238683128	0.654320987654321	0.308641975308642	0.695473251028807
244	-0.221311475409836	0.19672131147541	-0.278688524590164	0.245901639344262	0.352459016393443	0.659836065573771	0.307377049180328	0.692622950819672	0.352459016393443	0.659836065573771	0.311475409836066	0.704918032786885
245	-0.212244897959184	0.240816326530612	-0.297959183673469	0.297959183673469	0.346938775510204	0.657142857142857	0.293877551020408	0.685714285714286	0.338775510204082	0.657142857142857	0.285714285714286	0.702040816326531
246	-0.227642276422764	0.215447154471545	-0.292682926829268	0.280487804878049	0.33739837398374	0.650406504065041	0.292682926829268	0.695121951219512	0.349593495934959	0.654471544715447	0.308943089430894	0.703252032520325
247	-0.214574898785425	0.202429149797571	-0.291497975708502	0.259109311740891	0.356275303643725	0.651821862348178	0.295546558704453	0.700404858299595	0.336032388663968	0.659919028340081	0.303643724696356	0.696356275303644
248	-0.229838709677419	0.209677419354839	-0.298387096774194	0.270161290322581	0.338709677419355	0.653225806451613	0.30241935483871	0.705645161290323	0.354838709677419	0.665322580645161	0.310483870967742	0.701612903225806
249	-0.21285140562249	0.220883534136546	-0.265060240963855	0.289156626506024	0.349397590361446	0.650602409638554	0.309236947791165	0.694779116465863	0.349397590361446	0.642570281124498	0.29718875502008	0.690763052208835
250	-0.208	0.224	-0.284	0.284	0.356	0.652	0.28	0.704	0.348	0.64	0.304	0.692
251	-0.203187250996016	0.195219123505976	-0.270916334661355	0.270916334661355	0.354581673306773	0.645418326693227	0.310756972111554	0.705179282868526	0.354581673306773	0.657370517928287	0.302788844621514	0.697211155378486
252	-0.23015873015873	0.23015873015873	-0.313492063492063	0.277777777777778	0.345238095238095	0.662698412698413	0.301587301587302	0.702380952380952	0.333333333333333	0.646825396825397	0.273809523809524	0.69047619047619
253	-0.225296442687747	0.201581027667984	-0.308300395256917	0.268774703557312	0.343873517786561	0.644268774703557	0.292490118577075	0.675889328063241	0.347826086956522	0.652173913043478	0.288537549407115	0.703557312252964
254	-0.21259842519685	0.216535433070866	-0.283464566929134	0.271653543307087	0.338582677165354	0.653543307086614	0.295275590551181	0.692913385826772	0.354330708661417	0.645669291338583	0.295275590551181	0.71259842519685
255	-0.211764705882353	0.219607843137255	-0.286274509803922	0.282352941176471	0.345098039215686	0.658823529411765	0.301960784313725	0.701960784313725	0.352941176470588	0.647058823529412	0.301960784313725	0.717647058823529
256	-0.1953125	0.21875	-0.27734375	0.265625	0.3515625	0.65234375	0.3046875	0.6953125	0.3359375	0.65625	0.28515625	0.69140625
257	-0.221789883268483	0.22568093385214	-0.287937743190661	0.276264591439689	0.342412451361868	0.657587548638132	0.303501945525292	0.700389105058366	0.350194552529183	0.64591439688716	0.311284046692607	0.700389105058366
258	-0.22093023255814	0.232558139534884	-0.310077519379845	0.286821705426357	0.337209302325581	0.65891472868217	0.255813953488372	0.709302325581395	0.341085271317829	0.655038759689923	0.263565891472868	0.697674418604651
259	-0.231660231660232	0.200772200772201	-0.274131274131274	0.250965250965251	0.343629343629344	0.648648648648649	0.301158301158301	0.706563706563707	0.347490347490348	0.652509652509653	0.324324324324324	0.683397683397683
260	-0.246153846153846	0.215384615384615	-0.323076923076923	0.3	0.334615384615385	0.653846153846154	0.280769230769231	0.692307692307692	0.334615384615385	0.653846153846154	0.3	0.696153846153846
261	-0.226053639846743	0.210727969348659	-0.302681992337165	0.264367816091954	0.344827586206897	0.655172413793103	0.28735632183908	0.701149425287356	0.348659003831418	0.655172413793103	0.291187739463602	0.701149425287356
262	-0.225190839694657	0.206106870229008	-0.270992366412214	0.278625954198473	0.354961832061069	0.648854961832061	0.312977099236641	0.694656488549618	0.351145038167939	0.66412213740458	0.316793893129771	0.709923664122137
263	-0.228136882129278	0.216730038022814	-0.281368821292776	0.269961977186312	0.334600760456274	0.650190114068441	0.29277566539924	0.688212927756654	0.357414448669202	0.64638783269962	0.315589353612167	0.692015209125475
264	-0.227272727272727	0.21969696969697	-0.314393939393939	0.276515151515151	0.337121212121212	0.651515151515151	0.295454545454545	0.689393939393939	0.348484848484849	0.659090909090909	0.276515151515151	0.712121212121212
265	-0.237735849056604	0.218867924528302	-0.316981132075472	0.279245283018868	0.343396226415094	0.660377358490566	0.275471698113208	0.694339622641509	0.350943396226415	0.656603773584906	0.290566037735849	0.69811320754717
266	-0.203007518796993	0.206766917293233	-0.296992481203008	0.244360902255639	0.349624060150376	0.654135338345865	0.300751879699248	0.718045112781955	0.342105263157895	0.646616541353383	0.296992481203008	0.703007518796993
267	-0.209737827715356	0.213483146067416	-0.265917602996255	0.280898876404494	0.344569288389513	0.644194756554307	0.310861423220974	0.696629213483146	0.337078651685393	0.644194756554307	0.284644194756554	0.681647940074906
268	-0.212686567164179	0.231343283582089	-0.26865671641791	0.287313432835821	0.335820895522388	0.656716417910448	0.298507462686567	0.697761194029851	0.335820895522388	0.652985074626866	0.272388059701493	0.716417910447761
269	-0.215613382899628	0.211895910780669	-0.278810408921933	0.260223048327138	0.338289962825279	0.650557620817844	0.28996282527881	0.706319702602231	0.342007434944238	0.650557620817844	0.28996282527881	0.684014869888476
270	-0.207407407407407	0.222222222222222	-0.262962962962963	0.292592592592593	0.351851851851852	0.648148148148148	0.3	0.692592592592593	0.337037037037037	0.633333333333333	0.255555555555556	0.677777777777778
271	-0.210332103321033	0.206642066420664	-0.284132841328413	0.273062730627306	0.335793357933579	0.638376383763838	0.287822878228782	0.675276752767528	0.346863468634686	0.649446494464945	0.298892988929889	0.697416974169742
272	-0.213235294117647	0.209558823529412	-0.301470588235294	0.261029411764706	0.345588235294118	0.643382352941177	0.290441176470588	0.691176470588235	0.345588235294118	0.647058823529412	0.290441176470588	0.705882352941177
273	-0.227106227106227	0.205128205128205	-0.293040293040293	0.249084249084249	0.355311355311355	0.641025641025641	0.293040293040293	0.666666666666667	0.355311355311355	0.659340659340659	0.293040293040293	0.695970695970696
274	-0.222627737226277	0.226277372262774	-0.281021897810219	0.27007299270073	0.354014598540146	0.642335766423358	0.306569343065693	0.693430656934307	0.339416058394161	0.656934306569343	0.288321167883212	0.708029197080292
275	-0.210909090909091	0.221818181818182	-0.258181818181818	0.290909090909091	0.338181818181818	0.658181818181818	0.283636363636364	0.690909090909091	0.345454545454545	0.650909090909091	0.283636363636364	0.694545454545455
276	-0.213768115942029	0.217391304347826	-0.300724637681159	0.293478260869565	0.344202898550725	0.659420289855073	0.311594202898551	0.710144927536232	0.347826086956522	0.655797101449275	0.300724637681159	0.699275362318841
277	-0.220216606498195	0.216606498194946	-0.28158844765343	0.288808664259928	0.339350180505415	0.660649819494585	0.288808664259928	0.711191335740072	0.342960288808664	0.653429602888087	0.310469314079422	0.700361010830325
278	-0.219424460431655	0.201438848920863	-0.273381294964029	0.305755395683453	0.352517985611511	0.640287769784173	0.280575539568345	0.690647482014389	0.345323741007194	0.651079136690647	0.305755395683453	0.68705035971223
279	-0.225806451612903	0.211469534050179	-0.297491039426523	0.272401433691756	0.336917562724014	0.645161290322581	0.283154121863799	0.684587813620072	0.351254480286738	0.648745519713262	0.28673835125448	0.720430107526882
280	-0.214285714285714	0.2	-0.285714285714286	0.253571428571429	0.35	0.635714285714286	0.296428571428571	0.678571428571429	0.353571428571429	0.653571428571429	0.332142857142857	0.682142857142857
281	-0.220640569395018	0.206405693950178	-0.281138790035587	0.281138790035587	0.334519572953737	0.658362989323843	0.274021352313167	0.697508896797153	0.355871886120996	0.640569395017794	0.288256227758007	0.697508896797153
282	-0.219858156028369	0.219858156028369	-0.287234042553191	0.273049645390071	0.354609929078014	0.652482269503546	0.297872340425532	0.680851063829787	0.347517730496454	0.645390070921986	0.297872340425532	0.677304964539007
283	-0.219081272084806	0.226148409893993	-0.279151943462898	0.286219081272085	0.346289752650177	0.643109540636042	0.261484098939929	0.68904593639576	0.335689045936396	0.646643109540636	0.282685512367491	0.699646643109541
284	-0.204225352112676	0.211267605633803	-0.264084507042254	0.28169014084507	0.359154929577465	0.647887323943662	0.299295774647887	0.693661971830986	0.345070422535211	0.644366197183099	0.309859154929577	0.697183098591549
285	-0.231578947368421	0.221052631578947	-0.326315789473684	0.291228070175439	0.340350877192982	0.652631578947368	0.298245614035088	0.705263157894737	0.340350877192982	0.656140350877193	0.291228070175439	0.701754385964912
286	-0.213286713286713	0.22027972027972	-0.29020979020979	0.286713286713287	0.34965034965035	0.657342657342657	0.297202797202797	0.699300699300699	0.346153846153846	0.653846153846154	0.27972027972028	0.716783216783217
287	-0.219512195121951	0.209059233449477	-0.289198606271777	0.271777003484321	0.341463414634146	0.651567944250871	0.292682926829268	0.70383275261324	0.341463414634146	0.655052264808362	0.282229965156794	0.70383275261324
288	-0.194444444444444	0.222222222222222	-0.260416666666667	0.274305555555556	0.34375	0.659722222222222	0.291666666666667	0.697916666666667	0.347222222222222	0.645833333333333	0.291666666666667	0.6875
289	-0.228373702422145	0.217993079584775	-0.311418685121107	0.26643598615917	0.342560553633218	0.647058823529412	0.28719723183391	0.692041522491349	0.352941176470588	0.647058823529412	0.28719723183391	0.688581314878893
290	-0.227586206896552	0.210344827586207	-0.306896551724138	0.275862068965517	0.348275862068965	0.641379310344828	0.275862068965517	0.682758620689655	0.355172413793103	0.662068965517241	0.296551724137931	0.696551724137931
291	-0.22680412371134	0.216494845360825	-0.292096219931271	0.29553264604811	0.34020618556701	0.666666666666667	0.285223367697594	0.711340206185567	0.353951890034364	0.649484536082474	0.298969072164948	0.701030927835051
292	-0.212328767123288	0.208904109589041	-0.291095890410959	0.26027397260274	0.349315068493151	0.643835616438356	0.318493150684932	0.705479452054795	0.349315068493151	0.647260273972603	0.301369863013699	0.691780821917808
293	-0.232081911262799	0.21160409556314	-0.300341296928328	0.290102389078498	0.348122866894198	0.651877133105802	0.296928327645051	0.689419795221843	0.354948805460751	0.658703071672355	0.310580204778157	0.73037542662116
294	-0.22108843537415	0.217687074829932	-0.26530612244898	0.282312925170068	0.340136054421769	0.649659863945578	0.282312925170068	0.69047619047619	0.343537414965986	0.646258503401361	0.302721088435374	0.67687074829932
295	-0.193220338983051	0.216949152542373	-0.264406779661017	0.254237288135593	0.352542372881356	0.644067796610169	0.322033898305085	0.677966101694915	0.345762711864407	0.650847457627119	0.308474576271186	0.674576271186441
296	-0.216216216216216	0.209459459459459	-0.317567567567568	0.273648648648649	0.344594594594595	0.655405405405405	0.287162162162162	0.692567567567568	0.344594594594595	0.652027027027027	0.290540540540541	0.689189189189189
297	-0.215488215488216	0.198653198653199	-0.279461279461279	0.269360269360269	0.356902356902357	0.643097643097643	0.30976430976431	0.683501683501683	0.36026936026936	0.653198653198653	0.306397306397306	0.696969696969697
298	-0.204697986577181	0.221476510067114	-0.278523489932886	0.288590604026846	0.345637583892617	0.661073825503356	0.295302013422819	0.701342281879195	0.352348993288591	0.654362416107383	0.291946308724832	0.697986577181208
299	-0.224080267558528	0.224080267558528	-0.317725752508361	0.294314381270903	0.354515050167224	0.645484949832776	0.287625418060201	0.692307692307692	0.344481605351171	0.658862876254181	0.301003344481605	0.695652173913043
300	-0.203333333333333	0.21	-0.306666666666667	0.26	0.353333333333333	0.64	0.3	0.693333333333333	0.346666666666667	0.656666666666667	0.29	0.703333333333333
