DEPTH	P_L_95	P_H_95	P_L_99	P_H_99	P_L_95_A	P_H_95_A	P_L_99_A	P_H_99_A	P_L_95_B	P_H_95_B	P_L_99_B	P_H_99_B
1	-1	1	-1	1	0	1	0	1	0	1	0	1
2	-1	1	-1	1	0	1	0	1	0	1	0	1
3	-0.666666666666667	0.666666666666667	-1	1	0	1	0	1	0	1	0	1
4	-0.75	0.75	-0.75	0.75	0	1	0	1	0	1	0	1
5	-0.6	0.6	-0.8	0.8	0	1	0	1	0	1	0	1
6	-0.5	0.5	-0.666666666666667	0.666666666666667	0.166666666666667	0.833333333333333	0	1	0	0.833333333333333	0	1
7	-0.571428571428571	0.571428571428571	-0.714285714285714	0.714285714285714	0.142857142857143	0.857142857142857	0	1	0.142857142857143	0.857142857142857	0	1
8	-0.5	0.5	-0.625	0.625	0.125	0.875	0.125	1	0.125	0.875	0	1
9	-0.555555555555556	0.444444444444444	-0.666666666666667	0.666666666666667	0.222222222222222	0.888888888888889	0.111111111111111	1	0.111111111111111	0.888888888888889	0.111111111111111	1
10	-0.5	0.5	-0.6	0.6	0.2	0.8	0.1	0.9	0.2	0.8	0.1	0.9
11	-0.454545454545455	0.454545454545455	-0.636363636363636	0.636363636363636	0.181818181818182	0.818181818181818	0.0909090909090909	0.909090909090909	0.181818181818182	0.818181818181818	0.0909090909090909	0.909090909090909
12	-0.5	0.416666666666667	-0.666666666666667	0.583333333333333	0.166666666666667	0.833333333333333	0.0833333333333333	0.833333333333333	0.166666666666667	0.833333333333333	0.0833333333333333	0.916666666666667
13	-0.384615384615385	0.461538461538462	-0.538461538461538	0.538461538461539	0.230769230769231	0.769230769230769	0.153846153846154	0.846153846153846	0.153846153846154	0.769230769230769	0.0769230769230769	0.846153846153846
14	-0.428571428571429	0.428571428571429	-0.5	0.5	0.214285714285714	0.785714285714286	0.142857142857143	0.857142857142857	0.214285714285714	0.785714285714286	0.142857142857143	0.857142857142857
15	-0.4	0.4	-0.533333333333333	0.533333333333333	0.266666666666667	0.8	0.2	0.866666666666667	0.2	0.8	0.133333333333333	0.866666666666667
16	-0.375	0.4375	-0.5	0.5	0.25	0.75	0.125	0.875	0.25	0.8125	0.125	0.875
17	-0.352941176470588	0.411764705882353	-0.470588235294118	0.529411764705882	0.235294117647059	0.764705882352941	0.176470588235294	0.823529411764706	0.235294117647059	0.764705882352941	0.176470588235294	0.823529411764706
18	-0.388888888888889	0.388888888888889	-0.444444444444445	0.444444444444445	0.222222222222222	0.777777777777778	0.166666666666667	0.833333333333333	0.222222222222222	0.777777777777778	0.111111111111111	0.833333333333333
19	-0.368421052631579	0.368421052631579	-0.526315789473684	0.473684210526316	0.210526315789474	0.789473684210526	0.157894736842105	0.842105263157895	0.210526315789474	0.736842105263158	0.157894736842105	0.789473684210526
20	-0.35	0.35	-0.5	0.5	0.25	0.75	0.2	0.8	0.25	0.75	0.15	0.85
21	-0.380952380952381	0.333333333333333	-0.476190476190476	0.476190476190476	0.238095238095238	0.761904761904762	0.142857142857143	0.80952380952381	0.238095238095238	0.761904761904762	0.142857142857143	0.857142857142857
22	-0.363636363636364	0.363636363636364	-0.5	0.454545454545455	0.227272727272727	0.772727272727273	0.136363636363636	0.818181818181818	0.272727272727273	0.727272727272727	0.181818181818182	0.818181818181818
23	-0.347826086956522	0.347826086956522	-0.434782608695652	0.391304347826087	0.260869565217391	0.739130434782609	0.217391304347826	0.782608695652174	0.260869565217391	0.739130434782609	0.173913043478261	0.782608695652174
24	-0.333333333333333	0.375	-0.458333333333333	0.458333333333333	0.25	0.75	0.166666666666667	0.791666666666667	0.25	0.75	0.166666666666667	0.791666666666667
25	-0.32	0.32	-0.44	0.4	0.28	0.76	0.2	0.8	0.28	0.76	0.2	0.8
26	-0.346153846153846	0.346153846153846	-0.423076923076923	0.461538461538462	0.269230769230769	0.730769230769231	0.153846153846154	0.807692307692308	0.269230769230769	0.730769230769231	0.192307692307692	0.807692307692308
27	-0.333333333333333	0.333333333333333	-0.444444444444444	0.407407407407407	0.259259259259259	0.740740740740741	0.222222222222222	0.814814814814815	0.259259259259259	0.740740740740741	0.185185185185185	0.814814814814815
28	-0.321428571428571	0.321428571428571	-0.392857142857143	0.428571428571429	0.285714285714286	0.714285714285714	0.25	0.821428571428571	0.285714285714286	0.75	0.178571428571429	0.785714285714286
29	-0.344827586206897	0.310344827586207	-0.448275862068966	0.413793103448276	0.275862068965517	0.724137931034483	0.172413793103448	0.793103448275862	0.275862068965517	0.724137931034483	0.206896551724138	0.793103448275862
30	-0.333333333333333	0.333333333333333	-0.4	0.4	0.266666666666667	0.733333333333333	0.2	0.8	0.266666666666667	0.733333333333333	0.2	0.766666666666667
31	-0.290322580645161	0.32258064516129	-0.387096774193548	0.387096774193548	0.290322580645161	0.741935483870968	0.193548387096774	0.806451612903226	0.258064516129032	0.741935483870968	0.193548387096774	0.774193548387097
32	-0.3125	0.3125	-0.40625	0.40625	0.28125	0.71875	0.1875	0.75	0.28125	0.71875	0.25	0.78125
33	-0.303030303030303	0.303030303030303	-0.424242424242424	0.393939393939394	0.272727272727273	0.727272727272727	0.212121212121212	0.787878787878788	0.272727272727273	0.727272727272727	0.212121212121212	0.757575757575758
34	-0.323529411764706	0.323529411764706	-0.382352941176471	0.470588235294118	0.294117647058824	0.705882352941177	0.235294117647059	0.794117647058823	0.264705882352941	0.735294117647059	0.205882352941176	0.764705882352941
35	-0.314285714285714	0.285714285714286	-0.371428571428571	0.371428571428571	0.257142857142857	0.714285714285714	0.2	0.771428571428571	0.285714285714286	0.714285714285714	0.2	0.771428571428571
36	-0.305555555555556	0.305555555555556	-0.416666666666667	0.361111111111111	0.277777777777778	0.694444444444444	0.25	0.75	0.277777777777778	0.722222222222222	0.222222222222222	0.777777777777778
37	-0.297297297297297	0.27027027027027	-0.351351351351351	0.378378378378378	0.297297297297297	0.702702702702703	0.243243243243243	0.756756756756757	0.297297297297297	0.702702702702703	0.243243243243243	0.783783783783784
38	-0.315789473684211	0.315789473684211	-0.394736842105263	0.368421052631579	0.289473684210526	0.710526315789474	0.236842105263158	0.789473684210526	0.289473684210526	0.710526315789474	0.236842105263158	0.763157894736842
39	-0.282051282051282	0.282051282051282	-0.358974358974359	0.384615384615385	0.282051282051282	0.692307692307692	0.205128205128205	0.769230769230769	0.307692307692308	0.692307692307692	0.230769230769231	0.769230769230769
40	-0.3	0.3	-0.375	0.375	0.275	0.7	0.2	0.775	0.275	0.725	0.25	0.775
41	-0.292682926829268	0.292682926829268	-0.390243902439024	0.390243902439024	0.292682926829268	0.707317073170732	0.219512195121951	0.804878048780488	0.292682926829268	0.707317073170732	0.219512195121951	0.780487804878049
42	-0.261904761904762	0.285714285714286	-0.380952380952381	0.380952380952381	0.30952380952381	0.69047619047619	0.261904761904762	0.738095238095238	0.285714285714286	0.69047619047619	0.214285714285714	0.738095238095238
43	-0.27906976744186	0.302325581395349	-0.372093023255814	0.418604651162791	0.302325581395349	0.697674418604651	0.255813953488372	0.767441860465116	0.27906976744186	0.720930232558139	0.209302325581395	0.767441860465116
44	-0.272727272727273	0.272727272727273	-0.386363636363636	0.386363636363636	0.272727272727273	0.704545454545455	0.227272727272727	0.795454545454545	0.295454545454545	0.681818181818182	0.25	0.75
45	-0.311111111111111	0.288888888888889	-0.355555555555556	0.4	0.288888888888889	0.688888888888889	0.244444444444444	0.777777777777778	0.288888888888889	0.688888888888889	0.244444444444444	0.755555555555556
46	-0.282608695652174	0.304347826086956	-0.369565217391304	0.369565217391304	0.304347826086957	0.717391304347826	0.239130434782609	0.782608695652174	0.304347826086957	0.695652173913043	0.239130434782609	0.760869565217391
47	-0.297872340425532	0.276595744680851	-0.361702127659574	0.340425531914894	0.297872340425532	0.702127659574468	0.234042553191489	0.765957446808511	0.297872340425532	0.702127659574468	0.25531914893617	0.765957446808511
48	-0.291666666666667	0.270833333333333	-0.375	0.375	0.291666666666667	0.708333333333333	0.229166666666667	0.729166666666667	0.3125	0.6875	0.25	0.75
49	-0.306122448979592	0.285714285714286	-0.36734693877551	0.346938775510204	0.285714285714286	0.714285714285714	0.224489795918367	0.755102040816326	0.285714285714286	0.714285714285714	0.224489795918367	0.755102040816326
50	-0.28	0.3	-0.42	0.38	0.3	0.7	0.22	0.76	0.3	0.7	0.22	0.76
51	-0.274509803921569	0.274509803921569	-0.372549019607843	0.372549019607843	0.294117647058824	0.686274509803922	0.254901960784314	0.745098039215686	0.294117647058824	0.686274509803922	0.254901960784314	0.745098039215686
52	-0.288461538461538	0.269230769230769	-0.365384615384615	0.326923076923077	0.307692307692308	0.692307692307692	0.269230769230769	0.75	0.288461538461538	0.711538461538462	0.25	0.769230769230769
53	-0.283018867924528	0.283018867924528	-0.320754716981132	0.358490566037736	0.30188679245283	0.69811320754717	0.226415094339623	0.735849056603774	0.320754716981132	0.69811320754717	0.264150943396226	0.773584905660377
54	-0.296296296296296	0.277777777777778	-0.351851851851852	0.333333333333333	0.296296296296296	0.703703703703704	0.240740740740741	0.740740740740741	0.296296296296296	0.685185185185185	0.240740740740741	0.740740740740741
55	-0.272727272727273	0.290909090909091	-0.345454545454545	0.363636363636364	0.309090909090909	0.690909090909091	0.272727272727273	0.763636363636364	0.309090909090909	0.690909090909091	0.254545454545455	0.745454545454545
56	-0.285714285714286	0.285714285714286	-0.375	0.357142857142857	0.303571428571429	0.696428571428571	0.267857142857143	0.732142857142857	0.303571428571429	0.678571428571429	0.232142857142857	0.767857142857143
57	-0.280701754385965	0.263157894736842	-0.350877192982456	0.315789473684211	0.298245614035088	0.684210526315789	0.228070175438596	0.754385964912281	0.298245614035088	0.684210526315789	0.245614035087719	0.736842105263158
58	-0.258620689655172	0.258620689655172	-0.310344827586207	0.379310344827586	0.310344827586207	0.689655172413793	0.258620689655172	0.741379310344828	0.310344827586207	0.689655172413793	0.241379310344828	0.741379310344828
59	-0.288135593220339	0.271186440677966	-0.35593220338983	0.338983050847458	0.288135593220339	0.694915254237288	0.23728813559322	0.728813559322034	0.305084745762712	0.677966101694915	0.23728813559322	0.745762711864407
60	-0.283333333333333	0.266666666666667	-0.35	0.383333333333333	0.316666666666667	0.683333333333333	0.266666666666667	0.716666666666667	0.3	0.716666666666667	0.25	0.75
61	-0.295081967213115	0.262295081967213	-0.377049180327869	0.295081967213115	0.295081967213115	0.688524590163934	0.229508196721311	0.754098360655738	0.327868852459016	0.688524590163934	0.262295081967213	0.770491803278688
62	-0.258064516129032	0.274193548387097	-0.370967741935484	0.370967741935484	0.32258064516129	0.693548387096774	0.241935483870968	0.758064516129032	0.306451612903226	0.693548387096774	0.258064516129032	0.741935483870968
63	-0.26984126984127	0.253968253968254	-0.349206349206349	0.317460317460317	0.317460317460317	0.682539682539683	0.238095238095238	0.73015873015873	0.301587301587302	0.698412698412698	0.26984126984127	0.73015873015873
64	-0.25	0.265625	-0.34375	0.34375	0.3125	0.6875	0.265625	0.75	0.3125	0.6875	0.25	0.734375
65	-0.261538461538462	0.246153846153846	-0.369230769230769	0.353846153846154	0.307692307692308	0.692307692307692	0.246153846153846	0.738461538461539	0.323076923076923	0.692307692307692	0.261538461538462	0.753846153846154
66	-0.272727272727273	0.257575757575758	-0.363636363636364	0.333333333333333	0.318181818181818	0.681818181818182	0.272727272727273	0.742424242424242	0.318181818181818	0.681818181818182	0.257575757575758	0.742424242424242
67	-0.253731343283582	0.283582089552239	-0.358208955223881	0.358208955223881	0.313432835820896	0.701492537313433	0.26865671641791	0.73134328358209	0.313432835820896	0.671641791044776	0.238805970149254	0.716417910447761
68	-0.25	0.279411764705882	-0.338235294117647	0.367647058823529	0.308823529411765	0.691176470588235	0.264705882352941	0.735294117647059	0.308823529411765	0.676470588235294	0.264705882352941	0.735294117647059
69	-0.246376811594203	0.246376811594203	-0.333333333333333	0.347826086956522	0.318840579710145	0.681159420289855	0.260869565217391	0.753623188405797	0.304347826086957	0.666666666666667	0.246376811594203	0.710144927536232
70	-0.242857142857143	0.257142857142857	-0.314285714285714	0.3	0.328571428571429	0.685714285714286	0.271428571428571	0.742857142857143	0.328571428571429	0.671428571428571	0.257142857142857	0.742857142857143
71	-0.253521126760563	0.267605633802817	-0.338028169014085	0.338028169014085	0.309859154929577	0.676056338028169	0.23943661971831	0.746478873239437	0.309859154929577	0.676056338028169	0.267605633802817	0.732394366197183
72	-0.25	0.263888888888889	-0.333333333333333	0.319444444444444	0.319444444444444	0.694444444444444	0.263888888888889	0.75	0.319444444444444	0.680555555555556	0.263888888888889	0.75
73	-0.26027397260274	0.246575342465753	-0.36986301369863	0.328767123287671	0.315068493150685	0.684931506849315	0.246575342465753	0.73972602739726	0.328767123287671	0.671232876712329	0.26027397260274	0.726027397260274
74	-0.283783783783784	0.256756756756757	-0.364864864864865	0.337837837837838	0.310810810810811	0.675675675675676	0.243243243243243	0.743243243243243	0.324324324324324	0.689189189189189	0.243243243243243	0.743243243243243
75	-0.266666666666667	0.266666666666667	-0.333333333333333	0.32	0.306666666666667	0.666666666666667	0.24	0.733333333333333	0.32	0.666666666666667	0.266666666666667	0.72
76	-0.25	0.25	-0.302631578947368	0.355263157894737	0.328947368421053	0.697368421052632	0.25	0.75	0.315789473684211	0.671052631578947	0.263157894736842	0.710526315789474
77	-0.25974025974026	0.272727272727273	-0.363636363636364	0.311688311688312	0.311688311688312	0.675324675324675	0.246753246753247	0.727272727272727	0.311688311688312	0.675324675324675	0.25974025974026	0.74025974025974
78	-0.256410256410256	0.256410256410256	-0.371794871794872	0.358974358974359	0.320512820512821	0.67948717948718	0.269230769230769	0.730769230769231	0.307692307692308	0.67948717948718	0.256410256410256	0.743589743589744
79	-0.253164556962025	0.253164556962025	-0.329113924050633	0.367088607594937	0.30379746835443	0.683544303797468	0.227848101265823	0.746835443037975	0.316455696202532	0.683544303797468	0.265822784810127	0.734177215189873
80	-0.25	0.25	-0.3625	0.3125	0.325	0.675	0.2625	0.7125	0.325	0.675	0.2625	0.7375
81	-0.259259259259259	0.246913580246914	-0.358024691358025	0.283950617283951	0.320987654320988	0.679012345679012	0.283950617283951	0.728395061728395	0.333333333333333	0.691358024691358	0.283950617283951	0.753086419753086
82	-0.24390243902439	0.24390243902439	-0.317073170731707	0.304878048780488	0.329268292682927	0.682926829268293	0.292682926829268	0.707317073170732	0.329268292682927	0.670731707317073	0.268292682926829	0.731707317073171
83	-0.228915662650602	0.253012048192771	-0.325301204819277	0.349397590361446	0.337349397590361	0.686746987951807	0.265060240963855	0.710843373493976	0.313253012048193	0.674698795180723	0.265060240963855	0.710843373493976
84	-0.25	0.25	-0.309523809523809	0.321428571428571	0.321428571428571	0.678571428571429	0.261904761904762	0.726190476190476	0.333333333333333	0.678571428571429	0.25	0.714285714285714
85	-0.258823529411765	0.235294117647059	-0.352941176470588	0.294117647058824	0.317647058823529	0.670588235294118	0.258823529411765	0.729411764705882	0.317647058823529	0.670588235294118	0.282352941176471	0.717647058823529
86	-0.255813953488372	0.267441860465116	-0.325581395348837	0.337209302325581	0.313953488372093	0.674418604651163	0.255813953488372	0.732558139534884	0.313953488372093	0.674418604651163	0.244186046511628	0.709302325581395
87	-0.252873563218391	0.252873563218391	-0.35632183908046	0.333333333333333	0.310344827586207	0.67816091954023	0.264367816091954	0.724137931034483	0.333333333333333	0.666666666666667	0.275862068965517	0.71264367816092
88	-0.261363636363636	0.261363636363636	-0.363636363636364	0.318181818181818	0.318181818181818	0.670454545454545	0.272727272727273	0.715909090909091	0.318181818181818	0.670454545454545	0.272727272727273	0.715909090909091
89	-0.235955056179775	0.258426966292135	-0.348314606741573	0.337078651685393	0.337078651685393	0.674157303370786	0.280898876404494	0.730337078651685	0.314606741573034	0.685393258426966	0.269662921348315	0.752808988764045
90	-0.255555555555556	0.244444444444444	-0.344444444444444	0.322222222222222	0.311111111111111	0.666666666666667	0.277777777777778	0.744444444444444	0.322222222222222	0.677777777777778	0.266666666666667	0.711111111111111
91	-0.252747252747253	0.230769230769231	-0.351648351648352	0.318681318681319	0.32967032967033	0.67032967032967	0.274725274725275	0.725274725274725	0.32967032967033	0.681318681318681	0.285714285714286	0.736263736263736
92	-0.25	0.25	-0.315217391304348	0.326086956521739	0.326086956521739	0.673913043478261	0.260869565217391	0.728260869565217	0.315217391304348	0.673913043478261	0.282608695652174	0.717391304347826
93	-0.258064516129032	0.247311827956989	-0.333333333333333	0.311827956989247	0.32258064516129	0.67741935483871	0.268817204301075	0.741935483870968	0.32258064516129	0.67741935483871	0.279569892473118	0.741935483870968
94	-0.24468085106383	0.25531914893617	-0.340425531914894	0.340425531914894	0.340425531914894	0.680851063829787	0.297872340425532	0.734042553191489	0.329787234042553	0.680851063829787	0.276595744680851	0.734042553191489
95	-0.252631578947368	0.252631578947368	-0.326315789473684	0.336842105263158	0.326315789473684	0.673684210526316	0.273684210526316	0.726315789473684	0.336842105263158	0.663157894736842	0.252631578947368	0.715789473684211
96	-0.239583333333333	0.25	-0.302083333333333	0.34375	0.322916666666667	0.677083333333333	0.291666666666667	0.708333333333333	0.333333333333333	0.677083333333333	0.28125	0.739583333333333
97	-0.257731958762887	0.247422680412371	-0.309278350515464	0.309278350515464	0.329896907216495	0.670103092783505	0.268041237113402	0.721649484536082	0.329896907216495	0.680412371134021	0.268041237113402	0.721649484536082
98	-0.23469387755102	0.23469387755102	-0.336734693877551	0.306122448979592	0.326530612244898	0.673469387755102	0.275510204081633	0.704081632653061	0.326530612244898	0.673469387755102	0.26530612244898	0.73469387755102
99	-0.242424242424242	0.272727272727273	-0.333333333333333	0.333333333333333	0.323232323232323	0.676767676767677	0.272727272727273	0.727272727272727	0.323232323232323	0.676767676767677	0.272727272727273	0.717171717171717
100	-0.24	0.25	-0.32	0.32	0.33	0.68	0.26	0.74	0.32	0.67	0.27	0.74
101	-0.257425742574257	0.247524752475248	-0.346534653465347	0.306930693069307	0.316831683168317	0.663366336633663	0.257425742574257	0.702970297029703	0.326732673267327	0.663366336633663	0.277227722772277	0.702970297029703
102	-0.254901960784314	0.245098039215686	-0.323529411764706	0.323529411764706	0.323529411764706	0.676470588235294	0.264705882352941	0.715686274509804	0.323529411764706	0.676470588235294	0.274509803921569	0.745098039215686
103	-0.252427184466019	0.252427184466019	-0.339805825242718	0.320388349514563	0.310679611650485	0.660194174757282	0.262135922330097	0.70873786407767	0.310679611650485	0.669902912621359	0.252427184466019	0.718446601941748
104	-0.240384615384615	0.230769230769231	-0.288461538461538	0.317307692307692	0.336538461538462	0.663461538461538	0.269230769230769	0.730769230769231	0.336538461538462	0.682692307692308	0.259615384615385	0.730769230769231
105	-0.247619047619048	0.228571428571429	-0.352380952380952	0.314285714285714	0.323809523809524	0.676190476190476	0.266666666666667	0.704761904761905	0.333333333333333	0.676190476190476	0.276190476190476	0.704761904761905
106	-0.245283018867924	0.254716981132075	-0.320754716981132	0.330188679245283	0.320754716981132	0.669811320754717	0.254716981132075	0.707547169811321	0.320754716981132	0.679245283018868	0.264150943396226	0.716981132075472
107	-0.233644859813084	0.233644859813084	-0.299065420560748	0.308411214953271	0.336448598130841	0.663551401869159	0.280373831775701	0.710280373831776	0.336448598130841	0.672897196261682	0.271028037383178	0.710280373831776
108	-0.240740740740741	0.240740740740741	-0.314814814814815	0.305555555555556	0.324074074074074	0.666666666666667	0.277777777777778	0.703703703703704	0.324074074074074	0.666666666666667	0.259259259259259	0.722222222222222
109	-0.247706422018349	0.238532110091743	-0.321100917431193	0.311926605504587	0.311926605504587	0.678899082568807	0.26605504587156	0.73394495412844	0.321100917431193	0.669724770642202	0.26605504587156	0.715596330275229
110	-0.245454545454545	0.227272727272727	-0.3	0.281818181818182	0.327272727272727	0.663636363636364	0.281818181818182	0.7	0.327272727272727	0.672727272727273	0.263636363636364	0.7
111	-0.243243243243243	0.243243243243243	-0.333333333333333	0.351351351351351	0.324324324324324	0.675675675675676	0.279279279279279	0.72972972972973	0.324324324324324	0.675675675675676	0.27027027027027	0.720720720720721
112	-0.241071428571429	0.241071428571429	-0.276785714285714	0.303571428571429	0.330357142857143	0.669642857142857	0.285714285714286	0.714285714285714	0.330357142857143	0.660714285714286	0.285714285714286	0.696428571428571
113	-0.247787610619469	0.221238938053097	-0.31858407079646	0.283185840707965	0.336283185840708	0.672566371681416	0.265486725663717	0.716814159292035	0.336283185840708	0.654867256637168	0.292035398230089	0.707964601769911
114	-0.236842105263158	0.236842105263158	-0.289473684210526	0.307017543859649	0.333333333333333	0.675438596491228	0.289473684210526	0.701754385964912	0.324561403508772	0.675438596491228	0.271929824561404	0.745614035087719
115	-0.252173913043478	0.217391304347826	-0.321739130434783	0.278260869565217	0.321739130434783	0.660869565217391	0.260869565217391	0.695652173913043	0.330434782608696	0.669565217391304	0.260869565217391	0.704347826086957
116	-0.232758620689655	0.241379310344828	-0.310344827586207	0.310344827586207	0.327586206896552	0.681034482758621	0.275862068965517	0.724137931034483	0.336206896551724	0.655172413793103	0.293103448275862	0.724137931034483
117	-0.239316239316239	0.247863247863248	-0.299145299145299	0.341880341880342	0.324786324786325	0.658119658119658	0.282051282051282	0.700854700854701	0.333333333333333	0.666666666666667	0.290598290598291	0.717948717948718
118	-0.23728813559322	0.220338983050847	-0.296610169491525	0.279661016949153	0.330508474576271	0.669491525423729	0.279661016949153	0.720338983050847	0.338983050847458	0.661016949152542	0.296610169491525	0.711864406779661
119	-0.252100840336134	0.210084033613445	-0.319327731092437	0.294117647058824	0.34453781512605	0.663865546218487	0.26890756302521	0.722689075630252	0.34453781512605	0.672268907563025	0.294117647058824	0.756302521008403
120	-0.25	0.233333333333333	-0.3	0.325	0.325	0.675	0.283333333333333	0.725	0.316666666666667	0.675	0.266666666666667	0.7
121	-0.239669421487603	0.239669421487603	-0.289256198347107	0.31404958677686	0.338842975206612	0.669421487603306	0.28099173553719	0.71900826446281	0.330578512396694	0.652892561983471	0.272727272727273	0.702479338842975
122	-0.221311475409836	0.237704918032787	-0.30327868852459	0.311475409836066	0.336065573770492	0.663934426229508	0.270491803278689	0.713114754098361	0.327868852459016	0.663934426229508	0.278688524590164	0.713114754098361
123	-0.235772357723577	0.219512195121951	-0.300813008130081	0.333333333333333	0.333333333333333	0.67479674796748	0.276422764227642	0.739837398373984	0.333333333333333	0.658536585365854	0.284552845528455	0.707317073170732
124	-0.25	0.25	-0.338709677419355	0.330645161290323	0.32258064516129	0.669354838709677	0.274193548387097	0.717741935483871	0.346774193548387	0.661290322580645	0.298387096774194	0.709677419354839
125	-0.248	0.232	-0.328	0.32	0.336	0.672	0.296	0.712	0.336	0.68	0.288	0.712
126	-0.238095238095238	0.23015873015873	-0.30952380952381	0.301587301587302	0.325396825396825	0.666666666666667	0.285714285714286	0.706349206349206	0.325396825396825	0.658730158730159	0.285714285714286	0.698412698412698
127	-0.244094488188976	0.228346456692913	-0.338582677165354	0.291338582677165	0.322834645669291	0.669291338582677	0.291338582677165	0.692913385826772	0.338582677165354	0.677165354330709	0.291338582677165	0.724409448818898
128	-0.2421875	0.234375	-0.3203125	0.3359375	0.3359375	0.6875	0.265625	0.734375	0.3515625	0.6640625	0.3046875	0.6953125
129	-0.255813953488372	0.255813953488372	-0.317829457364341	0.317829457364341	0.325581395348837	0.674418604651163	0.27906976744186	0.744186046511628	0.333333333333333	0.65891472868217	0.302325581395349	0.689922480620155
130	-0.246153846153846	0.223076923076923	-0.323076923076923	0.3	0.330769230769231	0.653846153846154	0.284615384615385	0.692307692307692	0.330769230769231	0.676923076923077	0.284615384615385	0.761538461538461
131	-0.244274809160305	0.259541984732824	-0.320610687022901	0.320610687022901	0.32824427480916	0.656488549618321	0.282442748091603	0.717557251908397	0.320610687022901	0.66412213740458	0.251908396946565	0.717557251908397
132	-0.227272727272727	0.212121212121212	-0.333333333333333	0.272727272727273	0.333333333333333	0.666666666666667	0.287878787878788	0.704545454545455	0.348484848484849	0.659090909090909	0.287878787878788	0.704545454545455
133	-0.233082706766917	0.218045112781955	-0.308270676691729	0.270676691729323	0.338345864661654	0.661654135338346	0.270676691729323	0.699248120300752	0.338345864661654	0.661654135338346	0.293233082706767	0.706766917293233
134	-0.246268656716418	0.238805970149254	-0.365671641791045	0.313432835820895	0.328358208955224	0.656716417910448	0.283582089552239	0.708955223880597	0.328358208955224	0.67910447761194	0.276119402985075	0.73134328358209
135	-0.22962962962963	0.244444444444444	-0.303703703703704	0.325925925925926	0.325925925925926	0.659259259259259	0.266666666666667	0.703703703703704	0.333333333333333	0.674074074074074	0.266666666666667	0.725925925925926
136	-0.227941176470588	0.242647058823529	-0.294117647058824	0.279411764705882	0.330882352941176	0.661764705882353	0.279411764705882	0.698529411764706	0.338235294117647	0.661764705882353	0.279411764705882	0.720588235294118
137	-0.248175182481752	0.218978102189781	-0.313868613138686	0.262773722627737	0.328467153284672	0.64963503649635	0.277372262773723	0.722627737226277	0.335766423357664	0.671532846715328	0.284671532846715	0.708029197080292
138	-0.239130434782609	0.231884057971015	-0.318840579710145	0.318840579710145	0.340579710144928	0.659420289855073	0.297101449275362	0.710144927536232	0.333333333333333	0.673913043478261	0.27536231884058	0.72463768115942
139	-0.223021582733813	0.244604316546763	-0.273381294964029	0.309352517985611	0.338129496402878	0.669064748201439	0.280575539568345	0.726618705035971	0.323741007194245	0.654676258992806	0.280575539568345	0.719424460431655
140	-0.228571428571429	0.228571428571429	-0.3	0.3	0.328571428571429	0.664285714285714	0.271428571428571	0.7	0.328571428571429	0.65	0.271428571428571	0.692857142857143
141	-0.234042553191489	0.219858156028369	-0.290780141843972	0.262411347517731	0.326241134751773	0.666666666666667	0.269503546099291	0.709219858156028	0.340425531914894	0.659574468085106	0.283687943262411	0.709219858156028
142	-0.232394366197183	0.23943661971831	-0.302816901408451	0.323943661971831	0.338028169014085	0.669014084507042	0.302816901408451	0.71830985915493	0.338028169014085	0.669014084507042	0.295774647887324	0.697183098591549
143	-0.237762237762238	0.237762237762238	-0.328671328671329	0.321678321678322	0.321678321678322	0.657342657342657	0.265734265734266	0.699300699300699	0.321678321678322	0.664335664335664	0.258741258741259	0.706293706293706
144	-0.222222222222222	0.25	-0.319444444444444	0.326388888888889	0.340277777777778	0.6875	0.270833333333333	0.722222222222222	0.326388888888889	0.666666666666667	0.284722222222222	0.701388888888889
145	-0.227586206896552	0.241379310344828	-0.289655172413793	0.310344827586207	0.331034482758621	0.662068965517241	0.275862068965517	0.703448275862069	0.324137931034483	0.662068965517241	0.268965517241379	0.703448275862069
146	-0.232876712328767	0.226027397260274	-0.335616438356164	0.301369863013699	0.335616438356164	0.664383561643836	0.26027397260274	0.705479452054795	0.335616438356164	0.657534246575342	0.287671232876712	0.705479452054795
147	-0.231292517006803	0.224489795918367	-0.27891156462585	0.306122448979592	0.340136054421769	0.659863945578231	0.292517006802721	0.693877551020408	0.340136054421769	0.653061224489796	0.285714285714286	0.693877551020408
148	-0.22972972972973	0.25	-0.297297297297297	0.304054054054054	0.337837837837838	0.662162162162162	0.283783783783784	0.709459459459459	0.337837837837838	0.655405405405405	0.277027027027027	0.689189189189189
149	-0.214765100671141	0.241610738255033	-0.295302013422819	0.308724832214765	0.335570469798658	0.664429530201342	0.275167785234899	0.718120805369127	0.335570469798658	0.644295302013423	0.295302013422819	0.718120805369127
150	-0.226666666666667	0.213333333333333	-0.313333333333333	0.3	0.333333333333333	0.653333333333333	0.293333333333333	0.7	0.333333333333333	0.66	0.3	0.706666666666667
151	-0.245033112582781	0.231788079470199	-0.304635761589404	0.298013245033113	0.324503311258278	0.66887417218543	0.28476821192053	0.708609271523179	0.33112582781457	0.655629139072848	0.245033112582781	0.701986754966887
152	-0.243421052631579	0.203947368421053	-0.348684210526316	0.289473684210526	0.315789473684211	0.664473684210526	0.256578947368421	0.697368421052632	0.342105263157895	0.657894736842105	0.282894736842105	0.697368421052632
153	-0.254901960784314	0.235294117647059	-0.339869281045752	0.30718954248366	0.333333333333333	0.666666666666667	0.287581699346405	0.705882352941177	0.333333333333333	0.666666666666667	0.300653594771242	0.705882352941177
154	-0.214285714285714	0.233766233766234	-0.272727272727273	0.285714285714286	0.337662337662338	0.655844155844156	0.272727272727273	0.701298701298701	0.331168831168831	0.662337662337662	0.279220779220779	0.707792207792208
155	-0.232258064516129	0.238709677419355	-0.303225806451613	0.309677419354839	0.32258064516129	0.670967741935484	0.264516129032258	0.72258064516129	0.335483870967742	0.658064516129032	0.290322580645161	0.703225806451613
156	-0.224358974358974	0.230769230769231	-0.307692307692308	0.301282051282051	0.346153846153846	0.673076923076923	0.307692307692308	0.717948717948718	0.33974358974359	0.673076923076923	0.275641025641026	0.717948717948718
157	-0.229299363057325	0.229299363057325	-0.318471337579618	0.318471337579618	0.343949044585987	0.662420382165605	0.292993630573248	0.719745222929936	0.337579617834395	0.67515923566879	0.280254777070064	0.719745222929936
158	-0.246835443037975	0.234177215189873	-0.30379746835443	0.284810126582278	0.329113924050633	0.658227848101266	0.291139240506329	0.70253164556962	0.335443037974684	0.664556962025316	0.291139240506329	0.708860759493671
159	-0.238993710691824	0.245283018867925	-0.314465408805031	0.320754716981132	0.333333333333333	0.660377358490566	0.283018867924528	0.70440251572327	0.327044025157233	0.666666666666667	0.276729559748428	0.70440251572327
160	-0.2375	0.2375	-0.3	0.3125	0.3375	0.65625	0.2875	0.71875	0.33125	0.6625	0.3	0.70625
161	-0.217391304347826	0.22360248447205	-0.31055900621118	0.304347826086957	0.335403726708075	0.664596273291925	0.267080745341615	0.726708074534162	0.347826086956522	0.658385093167702	0.298136645962733	0.714285714285714
162	-0.240740740740741	0.234567901234568	-0.283950617283951	0.320987654320988	0.339506172839506	0.660493827160494	0.277777777777778	0.703703703703704	0.333333333333333	0.666666666666667	0.271604938271605	0.703703703703704
163	-0.233128834355828	0.226993865030675	-0.312883435582822	0.325153374233129	0.337423312883436	0.668711656441718	0.312883435582822	0.736196319018405	0.337423312883436	0.662576687116564	0.276073619631902	0.723926380368098
164	-0.231707317073171	0.225609756097561	-0.304878048780488	0.304878048780488	0.347560975609756	0.658536585365854	0.298780487804878	0.701219512195122	0.335365853658537	0.670731707317073	0.292682926829268	0.73780487804878
165	-0.23030303030303	0.23030303030303	-0.321212121212121	0.303030303030303	0.333333333333333	0.648484848484848	0.296969696969697	0.684848484848485	0.339393939393939	0.666666666666667	0.260606060606061	0.709090909090909
166	-0.22289156626506	0.234939759036145	-0.295180722891566	0.313253012048193	0.349397590361446	0.662650602409639	0.283132530120482	0.728915662650602	0.337349397590361	0.650602409638554	0.289156626506024	0.692771084337349
167	-0.233532934131736	0.215568862275449	-0.287425149700599	0.275449101796407	0.335329341317365	0.67065868263473	0.29940119760479	0.724550898203593	0.341317365269461	0.67065868263473	0.287425149700599	0.712574850299401
168	-0.232142857142857	0.238095238095238	-0.273809523809524	0.315476190476191	0.339285714285714	0.666666666666667	0.273809523809524	0.720238095238095	0.339285714285714	0.654761904761905	0.267857142857143	0.720238095238095
169	-0.224852071005917	0.21301775147929	-0.27810650887574	0.284023668639053	0.343195266272189	0.656804733727811	0.301775147928994	0.710059171597633	0.337278106508876	0.668639053254438	0.289940828402367	0.727810650887574
170	-0.223529411764706	0.205882352941176	-0.3	0.276470588235294	0.335294117647059	0.658823529411765	0.294117647058824	0.694117647058824	0.341176470588235	0.658823529411765	0.294117647058824	0.711764705882353
171	-0.216374269005848	0.233918128654971	-0.333333333333333	0.286549707602339	0.345029239766082	0.649122807017544	0.304093567251462	0.713450292397661	0.350877192982456	0.660818713450292	0.280701754385965	0.701754385964912
172	-0.209302325581395	0.238372093023256	-0.267441860465116	0.313953488372093	0.337209302325581	0.668604651162791	0.284883720930233	0.726744186046512	0.331395348837209	0.651162790697674	0.296511627906977	0.715116279069767
173	-0.225433526011561	0.225433526011561	-0.294797687861272	0.289017341040462	0.335260115606936	0.664739884393064	0.277456647398844	0.699421965317919	0.335260115606936	0.664739884393064	0.271676300578035	0.710982658959538
174	-0.235632183908046	0.241379310344828	-0.316091954022989	0.310344827586207	0.333333333333333	0.660919540229885	0.298850574712644	0.706896551724138	0.327586206896552	0.649425287356322	0.270114942528736	0.706896551724138
175	-0.217142857142857	0.251428571428571	-0.302857142857143	0.325714285714286	0.342857142857143	0.662857142857143	0.285714285714286	0.702857142857143	0.331428571428571	0.662857142857143	0.268571428571429	0.725714285714286
176	-0.244318181818182	0.210227272727273	-0.323863636363636	0.295454545454545	0.329545454545455	0.659090909090909	0.272727272727273	0.693181818181818	0.335227272727273	0.664772727272727	0.295454545454545	0.704545454545455
177	-0.214689265536723	0.231638418079096	-0.265536723163842	0.299435028248588	0.338983050847458	0.661016949152542	0.305084745762712	0.694915254237288	0.333333333333333	0.655367231638418	0.282485875706215	0.700564971751412
178	-0.235955056179775	0.213483146067416	-0.303370786516854	0.264044943820225	0.337078651685393	0.657303370786517	0.303370786516854	0.702247191011236	0.342696629213483	0.662921348314607	0.280898876404494	0.713483146067416
179	-0.223463687150838	0.223463687150838	-0.29608938547486	0.290502793296089	0.340782122905028	0.664804469273743	0.29608938547486	0.715083798882682	0.329608938547486	0.664804469273743	0.29608938547486	0.731843575418994
180	-0.227777777777778	0.233333333333333	-0.327777777777778	0.327777777777778	0.333333333333333	0.661111111111111	0.288888888888889	0.727777777777778	0.322222222222222	0.655555555555556	0.283333333333333	0.705555555555556
181	-0.215469613259669	0.248618784530387	-0.259668508287293	0.337016574585635	0.337016574585635	0.662983425414365	0.292817679558011	0.729281767955801	0.337016574585635	0.657458563535912	0.281767955801105	0.701657458563536
182	-0.236263736263736	0.230769230769231	-0.346153846153846	0.285714285714286	0.340659340659341	0.659340659340659	0.28021978021978	0.714285714285714	0.340659340659341	0.675824175824176	0.285714285714286	0.703296703296703
183	-0.224043715846995	0.229508196721311	-0.306010928961749	0.322404371584699	0.33879781420765	0.66120218579235	0.278688524590164	0.721311475409836	0.333333333333333	0.66120218579235	0.251366120218579	0.710382513661202
184	-0.217391304347826	0.222826086956522	-0.293478260869565	0.304347826086957	0.342391304347826	0.646739130434783	0.282608695652174	0.690217391304348	0.326086956521739	0.668478260869565	0.271739130434783	0.706521739130435
185	-0.210810810810811	0.221621621621622	-0.27027027027027	0.275675675675676	0.335135135135135	0.659459459459459	0.286486486486487	0.713513513513514	0.32972972972973	0.654054054054054	0.286486486486487	0.702702702702703
186	-0.193548387096774	0.220430107526882	-0.263440860215054	0.306451612903226	0.349462365591398	0.661290322580645	0.279569892473118	0.704301075268817	0.338709677419355	0.639784946236559	0.295698924731183	0.693548387096774
187	-0.229946524064171	0.245989304812834	-0.315508021390374	0.315508021390374	0.352941176470588	0.657754010695187	0.288770053475936	0.700534759358289	0.32620320855615	0.663101604278075	0.283422459893048	0.732620320855615
188	-0.234042553191489	0.212765957446808	-0.297872340425532	0.292553191489362	0.335106382978723	0.654255319148936	0.292553191489362	0.723404255319149	0.340425531914894	0.670212765957447	0.281914893617021	0.723404255319149
189	-0.232804232804233	0.222222222222222	-0.296296296296296	0.301587301587302	0.338624338624339	0.661375661375661	0.291005291005291	0.708994708994709	0.338624338624339	0.666666666666667	0.285714285714286	0.714285714285714
190	-0.236842105263158	0.221052631578947	-0.284210526315789	0.268421052631579	0.352631578947368	0.652631578947368	0.294736842105263	0.7	0.342105263157895	0.663157894736842	0.284210526315789	0.705263157894737
191	-0.235602094240838	0.230366492146597	-0.298429319371728	0.308900523560209	0.335078534031414	0.659685863874346	0.293193717277487	0.717277486910995	0.329842931937173	0.680628272251309	0.277486910994764	0.722513089005236
192	-0.223958333333333	0.223958333333333	-0.286458333333333	0.270833333333333	0.348958333333333	0.651041666666667	0.291666666666667	0.682291666666667	0.328125	0.661458333333333	0.270833333333333	0.708333333333333
193	-0.207253886010363	0.22279792746114	-0.269430051813472	0.274611398963731	0.347150259067358	0.66839378238342	0.300518134715026	0.699481865284974	0.341968911917098	0.658031088082902	0.295336787564767	0.689119170984456
194	-0.22680412371134	0.231958762886598	-0.298969072164948	0.298969072164948	0.345360824742268	0.65979381443299	0.309278350515464	0.701030927835051	0.350515463917526	0.65979381443299	0.278350515463918	0.706185567010309
195	-0.215384615384615	0.235897435897436	-0.276923076923077	0.317948717948718	0.333333333333333	0.661538461538462	0.276923076923077	0.687179487179487	0.343589743589744	0.661538461538462	0.307692307692308	0.707692307692308
196	-0.219387755102041	0.209183673469388	-0.290816326530612	0.280612244897959	0.352040816326531	0.673469387755102	0.306122448979592	0.704081632653061	0.346938775510204	0.658163265306122	0.301020408163265	0.714285714285714
197	-0.208121827411168	0.218274111675127	-0.289340101522843	0.274111675126904	0.345177664974619	0.65989847715736	0.294416243654822	0.695431472081218	0.350253807106599	0.65989847715736	0.304568527918782	0.705583756345178
198	-0.227272727272727	0.227272727272727	-0.297979797979798	0.262626262626263	0.343434343434343	0.656565656565657	0.292929292929293	0.707070707070707	0.348484848484849	0.656565656565657	0.308080808080808	0.712121212121212
199	-0.246231155778894	0.231155778894472	-0.351758793969849	0.281407035175879	0.341708542713568	0.663316582914573	0.276381909547739	0.71356783919598	0.341708542713568	0.663316582914573	0.291457286432161	0.708542713567839
200	-0.195	0.235	-0.26	0.285	0.345	0.665	0.285	0.71	0.345	0.65	0.295	0.7
201	-0.243781094527363	0.228855721393035	-0.303482587064677	0.27363184079602	0.338308457711443	0.661691542288557	0.283582089552239	0.721393034825871	0.343283582089552	0.656716417910448	0.298507462686567	0.701492537313433
202	-0.222772277227723	0.232673267326733	-0.301980198019802	0.292079207920792	0.346534653465347	0.658415841584158	0.306930693069307	0.707920792079208	0.346534653465347	0.668316831683168	0.287128712871287	0.707920792079208
203	-0.226600985221675	0.221674876847291	-0.295566502463054	0.305418719211823	0.334975369458128	0.650246305418719	0.29064039408867	0.714285714285714	0.32512315270936	0.655172413793103	0.280788177339901	0.704433497536946
204	-0.235294117647059	0.21078431372549	-0.308823529411765	0.299019607843137	0.333333333333333	0.666666666666667	0.279411764705882	0.691176470588235	0.348039215686274	0.651960784313726	0.279411764705882	0.705882352941177
205	-0.229268292682927	0.229268292682927	-0.302439024390244	0.282926829268293	0.331707317073171	0.663414634146341	0.297560975609756	0.692682926829268	0.331707317073171	0.658536585365854	0.278048780487805	0.692682926829268
206	-0.213592233009709	0.228155339805825	-0.330097087378641	0.281553398058252	0.339805825242718	0.660194174757282	0.286407766990291	0.70873786407767	0.344660194174757	0.655339805825243	0.300970873786408	0.70873786407767
207	-0.217391304347826	0.222222222222222	-0.289855072463768	0.29951690821256	0.342995169082126	0.666666666666667	0.294685990338164	0.714975845410628	0.342995169082126	0.657004830917874	0.289855072463768	0.695652173913043
208	-0.240384615384615	0.216346153846154	-0.288461538461538	0.278846153846154	0.341346153846154	0.653846153846154	0.278846153846154	0.701923076923077	0.341346153846154	0.658653846153846	0.288461538461538	0.697115384615385
209	-0.22488038277512	0.229665071770335	-0.30622009569378	0.301435406698565	0.344497607655502	0.665071770334928	0.272727272727273	0.698564593301435	0.339712918660287	0.645933014354067	0.301435406698565	0.698564593301435
210	-0.20952380952381	0.20952380952381	-0.285714285714286	0.295238095238095	0.342857142857143	0.652380952380952	0.295238095238095	0.7	0.342857142857143	0.652380952380952	0.280952380952381	0.7
211	-0.232227488151659	0.241706161137441	-0.293838862559242	0.322274881516588	0.341232227488152	0.658767772511848	0.293838862559242	0.710900473933649	0.341232227488152	0.663507109004739	0.274881516587678	0.701421800947867
212	-0.226415094339623	0.240566037735849	-0.325471698113208	0.330188679245283	0.339622641509434	0.669811320754717	0.273584905660377	0.707547169811321	0.334905660377358	0.650943396226415	0.292452830188679	0.707547169811321
213	-0.220657276995305	0.225352112676056	-0.300469483568075	0.291079812206573	0.328638497652582	0.661971830985915	0.28169014084507	0.708920187793427	0.338028169014085	0.657276995305164	0.300469483568075	0.690140845070423
214	-0.242990654205608	0.233644859813084	-0.331775700934579	0.280373831775701	0.341121495327103	0.654205607476635	0.285046728971963	0.714953271028037	0.341121495327103	0.663551401869159	0.294392523364486	0.710280373831776
215	-0.213953488372093	0.237209302325581	-0.288372093023256	0.306976744186046	0.33953488372093	0.674418604651163	0.297674418604651	0.706976744186047	0.33953488372093	0.655813953488372	0.302325581395349	0.697674418604651
216	-0.222222222222222	0.208333333333333	-0.291666666666667	0.277777777777778	0.337962962962963	0.657407407407407	0.291666666666667	0.703703703703704	0.347222222222222	0.662037037037037	0.305555555555556	0.699074074074074
217	-0.235023041474654	0.23963133640553	-0.313364055299539	0.285714285714286	0.336405529953917	0.663594470046083	0.285714285714286	0.723502304147465	0.331797235023041	0.658986175115207	0.271889400921659	0.695852534562212
218	-0.206422018348624	0.220183486238532	-0.261467889908257	0.284403669724771	0.334862385321101	0.646788990825688	0.298165137614679	0.692660550458716	0.334862385321101	0.655963302752294	0.288990825688073	0.701834862385321
219	-0.214611872146119	0.214611872146119	-0.273972602739726	0.273972602739726	0.337899543378995	0.657534246575342	0.301369863013699	0.694063926940639	0.34703196347032	0.662100456621005	0.292237442922374	0.698630136986301
220	-0.240909090909091	0.222727272727273	-0.309090909090909	0.304545454545455	0.336363636363636	0.65	0.286363636363636	0.690909090909091	0.340909090909091	0.663636363636364	0.290909090909091	0.704545454545455
221	-0.217194570135747	0.221719457013575	-0.30316742081448	0.276018099547511	0.334841628959276	0.660633484162896	0.289592760180996	0.701357466063348	0.34841628959276	0.65158371040724	0.294117647058824	0.692307692307692
222	-0.225225225225225	0.216216216216216	-0.310810810810811	0.27027027027027	0.342342342342342	0.662162162162162	0.283783783783784	0.711711711711712	0.342342342342342	0.662162162162162	0.288288288288288	0.693693693693694
223	-0.219730941704036	0.2152466367713	-0.278026905829596	0.278026905829596	0.349775784753363	0.650224215246637	0.286995515695067	0.68609865470852	0.331838565022422	0.645739910313901	0.273542600896861	0.713004484304933
224	-0.214285714285714	0.223214285714286	-0.272321428571429	0.276785714285714	0.339285714285714	0.651785714285714	0.299107142857143	0.696428571428571	0.339285714285714	0.660714285714286	0.285714285714286	0.700892857142857
225	-0.235555555555556	0.213333333333333	-0.333333333333333	0.302222222222222	0.333333333333333	0.653333333333333	0.297777777777778	0.688888888888889	0.342222222222222	0.675555555555556	0.271111111111111	0.715555555555556
226	-0.221238938053097	0.230088495575221	-0.309734513274336	0.314159292035398	0.34070796460177	0.654867256637168	0.274336283185841	0.694690265486726	0.331858407079646	0.650442477876106	0.261061946902655	0.707964601769911
227	-0.224669603524229	0.233480176211454	-0.299559471365639	0.273127753303965	0.343612334801762	0.656387665198238	0.308370044052863	0.704845814977974	0.348017621145374	0.66079295154185	0.303964757709251	0.713656387665198
228	-0.223684210526316	0.219298245614035	-0.267543859649123	0.267543859649123	0.355263157894737	0.649122807017544	0.307017543859649	0.68859649122807	0.350877192982456	0.662280701754386	0.302631578947368	0.697368421052632
229	-0.231441048034934	0.222707423580786	-0.296943231441048	0.292576419213974	0.34061135371179	0.663755458515284	0.296943231441048	0.716157205240175	0.349344978165939	0.650655021834061	0.2882096069869	0.716157205240175
230	-0.226086956521739	0.221739130434783	-0.278260869565217	0.291304347826087	0.347826086956522	0.665217391304348	0.308695652173913	0.734782608695652	0.356521739130435	0.656521739130435	0.31304347826087	0.704347826086957
231	-0.229437229437229	0.220779220779221	-0.285714285714286	0.324675324675325	0.346320346320346	0.662337662337662	0.281385281385281	0.718614718614719	0.341991341991342	0.658008658008658	0.307359307359307	0.701298701298701
232	-0.232758620689655	0.21551724137931	-0.28448275862069	0.262931034482759	0.336206896551724	0.65948275862069	0.275862068965517	0.702586206896552	0.349137931034483	0.655172413793103	0.293103448275862	0.706896551724138
233	-0.210300429184549	0.248927038626609	-0.274678111587983	0.283261802575107	0.351931330472103	0.656652360515021	0.28755364806867	0.699570815450644	0.339055793991416	0.648068669527897	0.291845493562232	0.690987124463519
234	-0.217948717948718	0.222222222222222	-0.273504273504274	0.277777777777778	0.35042735042735	0.64957264957265	0.294871794871795	0.683760683760684	0.337606837606838	0.64957264957265	0.282051282051282	0.688034188034188
235	-0.225531914893617	0.204255319148936	-0.272340425531915	0.285106382978723	0.34468085106383	0.65531914893617	0.280851063829787	0.706382978723404	0.340425531914894	0.646808510638298	0.297872340425532	0.676595744680851
236	-0.220338983050847	0.224576271186441	-0.283898305084746	0.275423728813559	0.334745762711864	0.652542372881356	0.283898305084746	0.694915254237288	0.334745762711864	0.648305084745763	0.275423728813559	0.703389830508475
237	-0.236286919831224	0.206751054852321	-0.29957805907173	0.286919831223629	0.345991561181435	0.649789029535865	0.308016877637131	0.69620253164557	0.354430379746835	0.666666666666667	0.286919831223629	0.713080168776371
238	-0.226890756302521	0.205882352941176	-0.294117647058824	0.277310924369748	0.34453781512605	0.647058823529412	0.256302521008403	0.689075630252101	0.352941176470588	0.663865546218487	0.310924369747899	0.722689075630252
239	-0.217573221757322	0.230125523012552	-0.284518828451883	0.276150627615063	0.351464435146443	0.661087866108787	0.309623430962343	0.698744769874477	0.326359832635983	0.656903765690377	0.267782426778243	0.686192468619247
240	-0.220833333333333	0.225	-0.2875	0.275	0.3375	0.645833333333333	0.295833333333333	0.708333333333333	0.341666666666667	0.654166666666667	0.291666666666667	0.7
241	-0.215767634854772	0.219917012448133	-0.29045643153527	0.29045643153527	0.340248962655602	0.655601659751037	0.29045643153527	0.697095435684647	0.340248962655602	0.655601659751037	0.294605809128631	0.697095435684647
242	-0.214876033057851	0.21900826446281	-0.305785123966942	0.297520661157025	0.347107438016529	0.652892561983471	0.305785123966942	0.702479338842975	0.334710743801653	0.665289256198347	0.309917355371901	0.702479338842975
243	-0.230452674897119	0.226337448559671	-0.304526748971193	0.288065843621399	0.337448559670782	0.662551440329218	0.283950617283951	0.703703703703704	0.333333333333333	0.65843621399177	0.288065843621399	0.691358024691358
244	-0.229508196721311	0.237704918032787	-0.282786885245902	0.282786885245902	0.340163934426229	0.663934426229508	0.290983606557377	0.717213114754098	0.344262295081967	0.663934426229508	0.295081967213115	0.69672131147541
245	-0.228571428571429	0.208163265306122	-0.293877551020408	0.277551020408163	0.346938775510204	0.657142857142857	0.285714285714286	0.710204081632653	0.351020408163265	0.661224489795918	0.306122448979592	0.702040816326531
246	-0.227642276422764	0.219512195121951	-0.292682926829268	0.260162601626016	0.345528455284553	0.654471544715447	0.304878048780488	0.686991869918699	0.349593495934959	0.654471544715447	0.284552845528455	0.703252032520325
247	-0.222672064777328	0.218623481781377	-0.323886639676113	0.283400809716599	0.336032388663968	0.659919028340081	0.279352226720648	0.704453441295547	0.336032388663968	0.663967611336032	0.283400809716599	0.684210526315789
248	-0.233870967741935	0.209677419354839	-0.314516129032258	0.262096774193548	0.334677419354839	0.649193548387097	0.294354838709677	0.685483870967742	0.346774193548387	0.673387096774194	0.298387096774194	0.721774193548387
249	-0.224899598393574	0.224899598393574	-0.27710843373494	0.29718875502008	0.345381526104418	0.654618473895582	0.289156626506024	0.710843373493976	0.34136546184739	0.65863453815261	0.301204819277108	0.698795180722892
250	-0.224	0.236	-0.3	0.292	0.344	0.652	0.3	0.684	0.344	0.652	0.284	0.716
251	-0.215139442231076	0.219123505976096	-0.310756972111554	0.282868525896414	0.346613545816733	0.653386454183267	0.314741035856574	0.705179282868526	0.342629482071713	0.653386454183267	0.274900398406374	0.705179282868526
252	-0.222222222222222	0.214285714285714	-0.325396825396825	0.285714285714286	0.337301587301587	0.666666666666667	0.285714285714286	0.734126984126984	0.341269841269841	0.662698412698413	0.273809523809524	0.702380952380952
253	-0.237154150197628	0.225296442687747	-0.304347826086957	0.276679841897233	0.343873517786561	0.648221343873518	0.292490118577075	0.683794466403162	0.33201581027668	0.656126482213439	0.260869565217391	0.719367588932806
254	-0.216535433070866	0.220472440944882	-0.28740157480315	0.283464566929134	0.358267716535433	0.665354330708661	0.299212598425197	0.704724409448819	0.334645669291339	0.653543307086614	0.311023622047244	0.708661417322835
255	-0.23921568627451	0.219607843137255	-0.301960784313726	0.290196078431373	0.345098039215686	0.662745098039216	0.294117647058824	0.705882352941177	0.341176470588235	0.666666666666667	0.290196078431373	0.72156862745098
256	-0.23828125	0.21875	-0.28125	0.27734375	0.34375	0.65625	0.296875	0.70703125	0.33984375	0.6640625	0.29296875	0.703125
257	-0.22568093385214	0.214007782101167	-0.334630350194553	0.280155642023346	0.342412451361868	0.649805447470817	0.284046692607004	0.700389105058366	0.357976653696498	0.669260700389105	0.315175097276265	0.739299610894942
258	-0.224806201550388	0.217054263565891	-0.27906976744186	0.294573643410853	0.337209302325581	0.65891472868217	0.294573643410853	0.689922480620155	0.352713178294574	0.655038759689923	0.302325581395349	0.693798449612403
259	-0.223938223938224	0.223938223938224	-0.27027027027027	0.277992277992278	0.343629343629344	0.652509652509653	0.308880308880309	0.714285714285714	0.351351351351351	0.648648648648649	0.297297297297297	0.675675675675676
260	-0.215384615384615	0.230769230769231	-0.296153846153846	0.284615384615385	0.342307692307692	0.665384615384615	0.284615384615385	0.7	0.338461538461538	0.661538461538462	0.292307692307692	0.707692307692308
261	-0.222222222222222	0.199233716475096	-0.295019157088123	0.291187739463602	0.337164750957854	0.655172413793103	0.295019157088123	0.720306513409962	0.348659003831418	0.659003831417625	0.314176245210728	0.71264367816092
262	-0.229007633587786	0.213740458015267	-0.316793893129771	0.278625954198473	0.343511450381679	0.656488549618321	0.290076335877863	0.694656488549618	0.347328244274809	0.66793893129771	0.293893129770992	0.702290076335878
263	-0.250950570342205	0.220532319391635	-0.342205323193916	0.285171102661597	0.346007604562738	0.665399239543726	0.296577946768061	0.722433460076046	0.330798479087452	0.665399239543726	0.296577946768061	0.714828897338403
264	-0.223484848484848	0.234848484848485	-0.276515151515151	0.284090909090909	0.34469696969697	0.659090909090909	0.28030303030303	0.693181818181818	0.34469696969697	0.666666666666667	0.268939393939394	0.708333333333333
265	-0.215094339622641	0.20377358490566	-0.305660377358491	0.249056603773585	0.335849056603774	0.652830188679245	0.286792452830189	0.70188679245283	0.343396226415094	0.645283018867924	0.294339622641509	0.70188679245283
266	-0.206766917293233	0.210526315789474	-0.278195488721804	0.270676691729323	0.345864661654135	0.661654135338346	0.315789473684211	0.703007518796993	0.345864661654135	0.661654135338346	0.293233082706767	0.695488721804511
267	-0.220973782771536	0.232209737827715	-0.292134831460674	0.307116104868914	0.344569288389513	0.659176029962547	0.303370786516854	0.719101123595506	0.333333333333333	0.647940074906367	0.277153558052434	0.696629213483146
268	-0.220149253731343	0.212686567164179	-0.294776119402985	0.264925373134328	0.354477611940299	0.652985074626866	0.309701492537313	0.727611940298508	0.343283582089552	0.656716417910448	0.305970149253731	0.697761194029851
269	-0.226765799256506	0.230483271375465	-0.28996282527881	0.286245353159851	0.342007434944238	0.650557620817844	0.304832713754647	0.732342007434944	0.330855018587361	0.661710037174721	0.297397769516729	0.687732342007435
270	-0.214814814814815	0.214814814814815	-0.281481481481481	0.296296296296296	0.355555555555556	0.662962962962963	0.303703703703704	0.714814814814815	0.325925925925926	0.655555555555556	0.288888888888889	0.711111111111111
271	-0.202952029520295	0.217712177121771	-0.269372693726937	0.25830258302583	0.335793357933579	0.656826568265683	0.276752767527675	0.686346863468635	0.346863468634686	0.649446494464945	0.291512915129151	0.686346863468635
272	-0.231617647058823	0.227941176470588	-0.290441176470588	0.301470588235294	0.345588235294118	0.661764705882353	0.301470588235294	0.713235294117647	0.341911764705882	0.650735294117647	0.305147058823529	0.698529411764706
273	-0.227106227106227	0.223443223443223	-0.315018315018315	0.296703296703297	0.336996336996337	0.655677655677656	0.296703296703297	0.703296703296703	0.347985347985348	0.659340659340659	0.289377289377289	0.714285714285714
274	-0.22992700729927	0.237226277372263	-0.299270072992701	0.27007299270073	0.343065693430657	0.656934306569343	0.302919708029197	0.704379562043796	0.335766423357664	0.653284671532847	0.273722627737226	0.700729927007299
275	-0.214545454545455	0.203636363636364	-0.298181818181818	0.272727272727273	0.341818181818182	0.650909090909091	0.290909090909091	0.698181818181818	0.338181818181818	0.658181818181818	0.301818181818182	0.705454545454545
276	-0.217391304347826	0.213768115942029	-0.304347826086957	0.271739130434783	0.358695652173913	0.644927536231884	0.318840579710145	0.695652173913043	0.340579710144928	0.652173913043478	0.297101449275362	0.717391304347826
277	-0.209386281588448	0.205776173285199	-0.314079422382672	0.263537906137184	0.350180505415162	0.653429602888087	0.292418772563177	0.693140794223827	0.353790613718412	0.657039711191336	0.303249097472924	0.714801444043321
278	-0.212230215827338	0.226618705035971	-0.302158273381295	0.266187050359712	0.352517985611511	0.647482014388489	0.316546762589928	0.683453237410072	0.338129496402878	0.643884892086331	0.284172661870504	0.669064748201439
279	-0.236559139784946	0.222222222222222	-0.32258064516129	0.28673835125448	0.340501792114695	0.648745519713262	0.283154121863799	0.691756272401434	0.351254480286738	0.655913978494624	0.301075268817204	0.691756272401434
280	-0.217857142857143	0.228571428571429	-0.289285714285714	0.282142857142857	0.332142857142857	0.664285714285714	0.292857142857143	0.696428571428571	0.346428571428571	0.646428571428571	0.292857142857143	0.685714285714286
281	-0.213523131672598	0.217081850533808	-0.327402135231317	0.277580071174377	0.338078291814947	0.654804270462633	0.288256227758007	0.722419928825623	0.345195729537367	0.647686832740214	0.306049822064057	0.704626334519573
282	-0.226950354609929	0.223404255319149	-0.287234042553191	0.297872340425532	0.336879432624113	0.656028368794326	0.297872340425532	0.691489361702128	0.351063829787234	0.656028368794326	0.287234042553192	0.698581560283688
283	-0.229681978798587	0.226148409893993	-0.332155477031802	0.318021201413428	0.342756183745583	0.657243816254417	0.282685512367491	0.713780918727915	0.335689045936396	0.667844522968198	0.279151943462898	0.713780918727915
284	-0.225352112676056	0.207746478873239	-0.306338028169014	0.264084507042254	0.341549295774648	0.651408450704225	0.278169014084507	0.690140845070423	0.355633802816901	0.651408450704225	0.288732394366197	0.690140845070423
285	-0.224561403508772	0.228070175438596	-0.312280701754386	0.27719298245614	0.333333333333333	0.656140350877193	0.280701754385965	0.687719298245614	0.347368421052632	0.649122807017544	0.301754385964912	0.691228070175439
286	-0.22027972027972	0.223776223776224	-0.27972027972028	0.27972027972028	0.353146853146853	0.660839160839161	0.325174825174825	0.688811188811189	0.339160839160839	0.653846153846154	0.27972027972028	0.692307692307692
287	-0.233449477351916	0.219512195121951	-0.313588850174216	0.306620209059233	0.341463414634146	0.644599303135889	0.278745644599303	0.693379790940767	0.331010452961672	0.655052264808362	0.282229965156794	0.682926829268293
288	-0.222222222222222	0.215277777777778	-0.291666666666667	0.305555555555556	0.350694444444444	0.65625	0.305555555555556	0.708333333333333	0.34375	0.645833333333333	0.3125	0.725694444444444
289	-0.211072664359862	0.217993079584775	-0.27681660899654	0.27681660899654	0.349480968858132	0.647058823529412	0.301038062283737	0.685121107266436	0.346020761245675	0.650519031141868	0.294117647058824	0.695501730103806
290	-0.241379310344828	0.224137931034483	-0.313793103448276	0.279310344827586	0.33448275862069	0.651724137931034	0.268965517241379	0.7	0.337931034482759	0.658620689655172	0.303448275862069	0.696551724137931
291	-0.209621993127148	0.209621993127148	-0.268041237113402	0.254295532646048	0.343642611683849	0.652920962199313	0.298969072164948	0.694158075601375	0.353951890034364	0.642611683848797	0.316151202749141	0.701030927835051
292	-0.202054794520548	0.222602739726027	-0.243150684931507	0.273972602739726	0.342465753424658	0.650684931506849	0.311643835616438	0.681506849315068	0.335616438356164	0.643835616438356	0.301369863013699	0.674657534246575
293	-0.208191126279864	0.221843003412969	-0.26962457337884	0.296928327645051	0.358361774744027	0.658703071672355	0.307167235494881	0.696245733788396	0.337883959044369	0.648464163822526	0.293515358361775	0.68259385665529
294	-0.204081632653061	0.22108843537415	-0.27891156462585	0.275510204081633	0.343537414965986	0.649659863945578	0.285714285714286	0.693877551020408	0.350340136054422	0.646258503401361	0.292517006802721	0.707482993197279
295	-0.216949152542373	0.210169491525424	-0.277966101694915	0.261016949152542	0.345762711864407	0.640677966101695	0.294915254237288	0.684745762711864	0.345762711864407	0.661016949152542	0.298305084745763	0.688135593220339
296	-0.219594594594595	0.219594594594595	-0.327702702702703	0.297297297297297	0.334459459459459	0.655405405405405	0.293918918918919	0.706081081081081	0.347972972972973	0.662162162162162	0.297297297297297	0.716216216216216
297	-0.205387205387205	0.215488215488215	-0.313131313131313	0.279461279461279	0.346801346801347	0.653198653198653	0.303030303030303	0.707070707070707	0.35016835016835	0.656565656565657	0.2996632996633	0.717171717171717
298	-0.238255033557047	0.208053691275168	-0.302013422818792	0.285234899328859	0.332214765100671	0.654362416107383	0.288590604026846	0.711409395973154	0.348993288590604	0.651006711409396	0.305369127516779	0.697986577181208
299	-0.214046822742475	0.210702341137124	-0.280936454849498	0.287625418060201	0.351170568561873	0.658862876254181	0.277591973244147	0.698996655518395	0.354515050167224	0.655518394648829	0.311036789297659	0.709030100334448
300	-0.22	0.213333333333333	-0.313333333333333	0.253333333333333	0.353333333333333	0.653333333333333	0.306666666666667	0.696666666666667	0.343333333333333	0.66	0.31	0.713333333333333
