DEPTH	P_L_95	P_H_95	P_L_99	P_H_99	P_L_95_A	P_H_95_A	P_L_99_A	P_H_99_A	P_L_95_B	P_H_95_B	P_L_99_B	P_H_99_B
1	-1	1	-1	1	0	1	0	1	0	1	0	1
2	-1	1	-1	1	0	1	0	1	0	1	0	1
3	-0.666666666666667	0.666666666666667	-1	1	0	1	0	1	0	1	0	1
4	-0.75	0.75	-1	1	0	1	0	1	0	1	0	1
5	-0.6	0.6	-0.8	0.8	0	1	0	1	0	1	0	1
6	-0.666666666666667	0.666666666666667	-0.833333333333333	0.666666666666667	0	1	0	1	0	0.833333333333333	0	1
7	-0.571428571428571	0.571428571428571	-0.714285714285714	0.714285714285714	0.142857142857143	0.857142857142857	0	1	0.142857142857143	0.857142857142857	0	1
8	-0.5	0.5	-0.625	0.75	0.125	0.875	0	1	0.125	0.875	0	1
9	-0.555555555555556	0.555555555555556	-0.777777777777778	0.666666666666667	0.111111111111111	0.888888888888889	0	0.888888888888889	0.111111111111111	0.888888888888889	0	1
10	-0.5	0.5	-0.6	0.7	0.1	0.9	0.1	1	0.1	0.9	0	0.9
11	-0.545454545454545	0.545454545454545	-0.636363636363636	0.727272727272727	0.181818181818182	0.909090909090909	0.0909090909090909	0.909090909090909	0.181818181818182	0.909090909090909	0.0909090909090909	0.909090909090909
12	-0.5	0.5	-0.666666666666667	0.666666666666667	0.166666666666667	0.833333333333333	0.0833333333333333	0.916666666666667	0.166666666666667	0.833333333333333	0.0833333333333333	0.916666666666667
13	-0.461538461538462	0.461538461538462	-0.615384615384615	0.615384615384615	0.153846153846154	0.846153846153846	0.0769230769230769	0.923076923076923	0.153846153846154	0.846153846153846	0.0769230769230769	0.923076923076923
14	-0.428571428571429	0.5	-0.571428571428571	0.642857142857143	0.142857142857143	0.857142857142857	0.0714285714285714	0.928571428571429	0.142857142857143	0.785714285714286	0.0714285714285714	0.928571428571429
15	-0.466666666666667	0.4	-0.6	0.533333333333333	0.2	0.8	0.0666666666666667	0.866666666666667	0.2	0.8	0.133333333333333	0.866666666666667
16	-0.4375	0.4375	-0.5625	0.5	0.1875	0.8125	0.0625	0.875	0.1875	0.8125	0.0625	0.875
17	-0.411764705882353	0.411764705882353	-0.588235294117647	0.529411764705882	0.235294117647059	0.764705882352941	0.117647058823529	0.882352941176471	0.176470588235294	0.823529411764706	0.117647058823529	0.882352941176471
18	-0.444444444444444	0.444444444444444	-0.555555555555556	0.611111111111111	0.222222222222222	0.833333333333333	0.0555555555555556	0.888888888888889	0.166666666666667	0.833333333333333	0.111111111111111	0.888888888888889
19	-0.421052631578947	0.421052631578947	-0.526315789473684	0.526315789473684	0.157894736842105	0.789473684210526	0.105263157894737	0.894736842105263	0.210526315789474	0.789473684210526	0.105263157894737	0.842105263157895
20	-0.45	0.4	-0.55	0.55	0.2	0.8	0.15	0.9	0.2	0.85	0.1	0.9
21	-0.428571428571429	0.428571428571429	-0.523809523809524	0.571428571428571	0.238095238095238	0.80952380952381	0.142857142857143	0.904761904761905	0.19047619047619	0.80952380952381	0.0952380952380952	0.857142857142857
22	-0.409090909090909	0.409090909090909	-0.545454545454545	0.545454545454545	0.181818181818182	0.772727272727273	0.136363636363636	0.863636363636364	0.181818181818182	0.772727272727273	0.0909090909090909	0.863636363636364
23	-0.391304347826087	0.434782608695652	-0.521739130434783	0.521739130434783	0.217391304347826	0.782608695652174	0.173913043478261	0.826086956521739	0.217391304347826	0.782608695652174	0.130434782608696	0.869565217391304
24	-0.416666666666667	0.416666666666667	-0.583333333333333	0.541666666666667	0.208333333333333	0.791666666666667	0.0833333333333333	0.875	0.208333333333333	0.791666666666667	0.166666666666667	0.875
25	-0.44	0.36	-0.6	0.52	0.2	0.76	0.12	0.84	0.2	0.8	0.16	0.88
26	-0.423076923076923	0.423076923076923	-0.538461538461538	0.538461538461539	0.192307692307692	0.769230769230769	0.115384615384615	0.846153846153846	0.230769230769231	0.769230769230769	0.153846153846154	0.807692307692308
27	-0.407407407407407	0.407407407407407	-0.481481481481482	0.518518518518518	0.222222222222222	0.777777777777778	0.148148148148148	0.851851851851852	0.185185185185185	0.777777777777778	0.148148148148148	0.851851851851852
28	-0.392857142857143	0.428571428571429	-0.5	0.5	0.25	0.785714285714286	0.142857142857143	0.821428571428571	0.214285714285714	0.785714285714286	0.142857142857143	0.857142857142857
29	-0.379310344827586	0.379310344827586	-0.551724137931034	0.517241379310345	0.206896551724138	0.793103448275862	0.137931034482759	0.862068965517241	0.206896551724138	0.793103448275862	0.172413793103448	0.896551724137931
30	-0.4	0.433333333333333	-0.566666666666667	0.6	0.233333333333333	0.766666666666667	0.133333333333333	0.833333333333333	0.2	0.766666666666667	0.1	0.833333333333333
31	-0.387096774193548	0.419354838709677	-0.548387096774194	0.516129032258065	0.225806451612903	0.774193548387097	0.0967741935483871	0.838709677419355	0.193548387096774	0.774193548387097	0.129032258064516	0.838709677419355
32	-0.375	0.375	-0.53125	0.46875	0.21875	0.75	0.125	0.84375	0.21875	0.75	0.15625	0.84375
33	-0.393939393939394	0.393939393939394	-0.515151515151515	0.545454545454545	0.242424242424242	0.757575757575758	0.181818181818182	0.848484848484849	0.212121212121212	0.787878787878788	0.121212121212121	0.848484848484849
34	-0.382352941176471	0.411764705882353	-0.529411764705882	0.5	0.205882352941176	0.764705882352941	0.117647058823529	0.823529411764706	0.235294117647059	0.764705882352941	0.147058823529412	0.823529411764706
35	-0.371428571428571	0.4	-0.514285714285714	0.457142857142857	0.228571428571429	0.771428571428571	0.142857142857143	0.8	0.228571428571429	0.771428571428571	0.142857142857143	0.857142857142857
36	-0.388888888888889	0.361111111111111	-0.5	0.444444444444444	0.222222222222222	0.75	0.138888888888889	0.833333333333333	0.222222222222222	0.75	0.166666666666667	0.833333333333333
37	-0.378378378378378	0.378378378378378	-0.486486486486487	0.513513513513513	0.243243243243243	0.756756756756757	0.162162162162162	0.864864864864865	0.243243243243243	0.783783783783784	0.189189189189189	0.837837837837838
38	-0.368421052631579	0.368421052631579	-0.5	0.5	0.236842105263158	0.763157894736842	0.184210526315789	0.815789473684211	0.236842105263158	0.763157894736842	0.157894736842105	0.815789473684211
39	-0.384615384615385	0.333333333333333	-0.487179487179487	0.461538461538462	0.230769230769231	0.743589743589744	0.153846153846154	0.846153846153846	0.230769230769231	0.743589743589744	0.179487179487179	0.846153846153846
40	-0.375	0.4	-0.475	0.525	0.25	0.75	0.175	0.8	0.225	0.775	0.15	0.85
41	-0.390243902439024	0.390243902439024	-0.48780487804878	0.463414634146341	0.24390243902439	0.780487804878049	0.170731707317073	0.853658536585366	0.219512195121951	0.75609756097561	0.170731707317073	0.829268292682927
42	-0.357142857142857	0.380952380952381	-0.452380952380952	0.452380952380952	0.238095238095238	0.761904761904762	0.19047619047619	0.80952380952381	0.238095238095238	0.761904761904762	0.166666666666667	0.833333333333333
43	-0.372093023255814	0.348837209302326	-0.488372093023256	0.488372093023256	0.232558139534884	0.744186046511628	0.13953488372093	0.813953488372093	0.255813953488372	0.744186046511628	0.186046511627907	0.837209302325581
44	-0.363636363636364	0.363636363636364	-0.522727272727273	0.454545454545455	0.227272727272727	0.75	0.159090909090909	0.840909090909091	0.25	0.772727272727273	0.181818181818182	0.840909090909091
45	-0.355555555555556	0.377777777777778	-0.444444444444444	0.466666666666667	0.244444444444444	0.777777777777778	0.133333333333333	0.822222222222222	0.244444444444444	0.755555555555556	0.155555555555556	0.822222222222222
46	-0.369565217391304	0.347826086956522	-0.5	0.434782608695652	0.260869565217391	0.760869565217391	0.152173913043478	0.826086956521739	0.239130434782609	0.760869565217391	0.173913043478261	0.826086956521739
47	-0.340425531914894	0.382978723404255	-0.468085106382979	0.531914893617021	0.234042553191489	0.765957446808511	0.170212765957447	0.851063829787234	0.234042553191489	0.74468085106383	0.148936170212766	0.787234042553192
48	-0.354166666666667	0.375	-0.458333333333333	0.479166666666667	0.25	0.75	0.1875	0.791666666666667	0.25	0.75	0.145833333333333	0.833333333333333
49	-0.387755102040816	0.36734693877551	-0.448979591836735	0.489795918367347	0.244897959183673	0.755102040816326	0.183673469387755	0.816326530612245	0.224489795918367	0.755102040816326	0.163265306122449	0.816326530612245
50	-0.36	0.36	-0.48	0.44	0.26	0.74	0.18	0.82	0.26	0.76	0.2	0.82
51	-0.372549019607843	0.333333333333333	-0.509803921568627	0.470588235294118	0.235294117647059	0.764705882352941	0.156862745098039	0.882352941176471	0.254901960784314	0.764705882352941	0.176470588235294	0.862745098039216
52	-0.384615384615385	0.365384615384615	-0.5	0.480769230769231	0.25	0.75	0.173076923076923	0.846153846153846	0.230769230769231	0.730769230769231	0.173076923076923	0.807692307692308
53	-0.358490566037736	0.358490566037736	-0.433962264150943	0.452830188679245	0.264150943396226	0.754716981132076	0.188679245283019	0.830188679245283	0.264150943396226	0.735849056603774	0.207547169811321	0.792452830188679
54	-0.351851851851852	0.37037037037037	-0.481481481481481	0.462962962962963	0.240740740740741	0.740740740740741	0.185185185185185	0.833333333333333	0.222222222222222	0.740740740740741	0.185185185185185	0.814814814814815
55	-0.363636363636364	0.345454545454546	-0.490909090909091	0.436363636363636	0.218181818181818	0.745454545454545	0.163636363636364	0.818181818181818	0.236363636363636	0.727272727272727	0.181818181818182	0.781818181818182
56	-0.357142857142857	0.339285714285714	-0.517857142857143	0.464285714285714	0.25	0.75	0.178571428571429	0.803571428571429	0.25	0.767857142857143	0.178571428571429	0.821428571428571
57	-0.333333333333333	0.368421052631579	-0.421052631578947	0.456140350877193	0.245614035087719	0.754385964912281	0.175438596491228	0.807017543859649	0.245614035087719	0.736842105263158	0.192982456140351	0.789473684210526
58	-0.362068965517241	0.327586206896552	-0.5	0.448275862068965	0.241379310344828	0.741379310344828	0.155172413793103	0.827586206896552	0.258620689655172	0.741379310344828	0.172413793103448	0.810344827586207
59	-0.372881355932203	0.338983050847458	-0.491525423728813	0.474576271186441	0.254237288135593	0.728813559322034	0.186440677966102	0.847457627118644	0.254237288135593	0.745762711864407	0.186440677966102	0.813559322033898
60	-0.35	0.333333333333333	-0.466666666666667	0.4	0.266666666666667	0.75	0.2	0.816666666666667	0.25	0.766666666666667	0.2	0.833333333333333
61	-0.377049180327869	0.360655737704918	-0.491803278688525	0.459016393442623	0.262295081967213	0.754098360655738	0.19672131147541	0.819672131147541	0.262295081967213	0.754098360655738	0.19672131147541	0.819672131147541
62	-0.338709677419355	0.354838709677419	-0.451612903225806	0.435483870967742	0.258064516129032	0.741935483870968	0.17741935483871	0.806451612903226	0.258064516129032	0.741935483870968	0.17741935483871	0.790322580645161
63	-0.380952380952381	0.349206349206349	-0.507936507936508	0.444444444444444	0.238095238095238	0.73015873015873	0.19047619047619	0.80952380952381	0.253968253968254	0.761904761904762	0.206349206349206	0.80952380952381
64	-0.34375	0.375	-0.46875	0.5	0.25	0.734375	0.1875	0.796875	0.234375	0.75	0.171875	0.8125
65	-0.353846153846154	0.353846153846154	-0.446153846153846	0.446153846153846	0.261538461538462	0.738461538461539	0.184615384615385	0.815384615384615	0.230769230769231	0.769230769230769	0.153846153846154	0.830769230769231
66	-0.378787878787879	0.363636363636364	-0.454545454545455	0.515151515151515	0.242424242424242	0.772727272727273	0.196969696969697	0.818181818181818	0.242424242424242	0.757575757575758	0.166666666666667	0.803030303030303
67	-0.343283582089552	0.343283582089552	-0.462686567164179	0.477611940298508	0.253731343283582	0.73134328358209	0.17910447761194	0.805970149253731	0.238805970149254	0.761194029850746	0.149253731343284	0.82089552238806
68	-0.352941176470588	0.352941176470588	-0.455882352941177	0.441176470588235	0.25	0.735294117647059	0.161764705882353	0.808823529411765	0.235294117647059	0.75	0.147058823529412	0.808823529411765
69	-0.347826086956522	0.333333333333333	-0.463768115942029	0.449275362318841	0.260869565217391	0.739130434782609	0.202898550724638	0.811594202898551	0.231884057971014	0.753623188405797	0.159420289855072	0.840579710144927
70	-0.342857142857143	0.357142857142857	-0.485714285714286	0.414285714285714	0.242857142857143	0.742857142857143	0.2	0.8	0.257142857142857	0.742857142857143	0.2	0.814285714285714
71	-0.352112676056338	0.352112676056338	-0.422535211267606	0.464788732394366	0.253521126760563	0.746478873239437	0.197183098591549	0.816901408450704	0.267605633802817	0.732394366197183	0.211267605633803	0.830985915492958
72	-0.361111111111111	0.347222222222222	-0.458333333333333	0.486111111111111	0.25	0.736111111111111	0.166666666666667	0.805555555555556	0.25	0.736111111111111	0.194444444444444	0.819444444444444
73	-0.36986301369863	0.328767123287671	-0.479452054794521	0.438356164383562	0.246575342465753	0.753424657534247	0.178082191780822	0.835616438356164	0.26027397260274	0.726027397260274	0.178082191780822	0.794520547945205
74	-0.337837837837838	0.337837837837838	-0.391891891891892	0.432432432432432	0.27027027027027	0.756756756756757	0.202702702702703	0.797297297297297	0.243243243243243	0.743243243243243	0.162162162162162	0.810810810810811
75	-0.346666666666667	0.306666666666667	-0.44	0.453333333333333	0.253333333333333	0.746666666666667	0.2	0.786666666666667	0.28	0.733333333333333	0.2	0.826666666666667
76	-0.328947368421053	0.355263157894737	-0.421052631578947	0.434210526315789	0.263157894736842	0.75	0.184210526315789	0.828947368421053	0.25	0.723684210526316	0.184210526315789	0.802631578947368
77	-0.350649350649351	0.337662337662338	-0.441558441558442	0.441558441558442	0.25974025974026	0.753246753246753	0.207792207792208	0.805194805194805	0.272727272727273	0.74025974025974	0.168831168831169	0.779220779220779
78	-0.358974358974359	0.346153846153846	-0.474358974358974	0.435897435897436	0.269230769230769	0.743589743589744	0.192307692307692	0.833333333333333	0.256410256410256	0.743589743589744	0.192307692307692	0.807692307692308
79	-0.367088607594937	0.341772151898734	-0.455696202531646	0.443037974683544	0.253164556962025	0.746835443037975	0.189873417721519	0.822784810126582	0.278481012658228	0.746835443037975	0.215189873417722	0.810126582278481
80	-0.3375	0.3375	-0.45	0.4	0.275	0.75	0.2	0.7875	0.25	0.75	0.175	0.8125
81	-0.345679012345679	0.333333333333333	-0.469135802469136	0.444444444444444	0.246913580246914	0.740740740740741	0.135802469135802	0.814814814814815	0.283950617283951	0.740740740740741	0.209876543209877	0.827160493827161
82	-0.341463414634146	0.341463414634146	-0.426829268292683	0.426829268292683	0.25609756097561	0.74390243902439	0.182926829268293	0.804878048780488	0.231707317073171	0.75609756097561	0.182926829268293	0.829268292682927
83	-0.36144578313253	0.337349397590361	-0.469879518072289	0.421686746987952	0.253012048192771	0.734939759036145	0.180722891566265	0.807228915662651	0.240963855421687	0.734939759036145	0.156626506024096	0.807228915662651
84	-0.333333333333333	0.333333333333333	-0.416666666666667	0.416666666666667	0.25	0.714285714285714	0.178571428571429	0.821428571428571	0.273809523809524	0.726190476190476	0.178571428571429	0.821428571428571
85	-0.341176470588235	0.341176470588235	-0.423529411764706	0.447058823529412	0.258823529411765	0.741176470588235	0.188235294117647	0.8	0.270588235294118	0.741176470588235	0.2	0.8
86	-0.313953488372093	0.325581395348837	-0.395348837209302	0.465116279069767	0.27906976744186	0.744186046511628	0.186046511627907	0.848837209302326	0.255813953488372	0.744186046511628	0.197674418604651	0.802325581395349
87	-0.333333333333333	0.333333333333333	-0.425287356321839	0.402298850574713	0.264367816091954	0.735632183908046	0.195402298850575	0.804597701149425	0.252873563218391	0.735632183908046	0.195402298850575	0.816091954022989
88	-0.352272727272727	0.329545454545455	-0.465909090909091	0.420454545454545	0.25	0.738636363636364	0.181818181818182	0.818181818181818	0.25	0.738636363636364	0.193181818181818	0.806818181818182
89	-0.348314606741573	0.337078651685393	-0.460674157303371	0.393258426966292	0.258426966292135	0.730337078651685	0.191011235955056	0.831460674157303	0.258426966292135	0.741573033707865	0.179775280898876	0.797752808988764
90	-0.366666666666667	0.344444444444444	-0.444444444444444	0.455555555555555	0.266666666666667	0.744444444444444	0.2	0.822222222222222	0.255555555555556	0.733333333333333	0.2	0.822222222222222
91	-0.32967032967033	0.351648351648352	-0.406593406593407	0.428571428571429	0.263736263736264	0.769230769230769	0.186813186813187	0.846153846153846	0.274725274725275	0.736263736263736	0.208791208791209	0.802197802197802
92	-0.326086956521739	0.315217391304348	-0.434782608695652	0.41304347826087	0.25	0.728260869565217	0.184782608695652	0.815217391304348	0.271739130434783	0.739130434782609	0.206521739130435	0.804347826086957
93	-0.344086021505376	0.354838709677419	-0.462365591397849	0.473118279569892	0.258064516129032	0.752688172043011	0.172043010752688	0.838709677419355	0.236559139784946	0.741935483870968	0.172043010752688	0.806451612903226
94	-0.351063829787234	0.340425531914894	-0.457446808510638	0.425531914893617	0.265957446808511	0.74468085106383	0.180851063829787	0.787234042553192	0.24468085106383	0.723404255319149	0.191489361702128	0.787234042553192
95	-0.347368421052632	0.336842105263158	-0.431578947368421	0.410526315789474	0.252631578947368	0.726315789473684	0.168421052631579	0.810526315789474	0.273684210526316	0.726315789473684	0.210526315789474	0.789473684210526
96	-0.354166666666667	0.34375	-0.447916666666667	0.46875	0.260416666666667	0.739583333333333	0.21875	0.8125	0.25	0.760416666666667	0.135416666666667	0.802083333333333
97	-0.34020618556701	0.34020618556701	-0.412371134020619	0.45360824742268	0.257731958762887	0.731958762886598	0.216494845360825	0.804123711340206	0.257731958762887	0.731958762886598	0.185567010309278	0.783505154639175
98	-0.346938775510204	0.316326530612245	-0.448979591836735	0.479591836734694	0.244897959183673	0.73469387755102	0.163265306122449	0.806122448979592	0.26530612244898	0.744897959183674	0.224489795918367	0.826530612244898
99	-0.333333333333333	0.343434343434343	-0.444444444444444	0.414141414141414	0.272727272727273	0.737373737373737	0.181818181818182	0.777777777777778	0.252525252525253	0.727272727272727	0.171717171717172	0.797979797979798
100	-0.35	0.35	-0.46	0.43	0.27	0.74	0.19	0.8	0.26	0.75	0.17	0.83
101	-0.326732673267327	0.316831683168317	-0.475247524752475	0.425742574257426	0.267326732673267	0.732673267326733	0.217821782178218	0.811881188118812	0.267326732673267	0.732673267326733	0.168316831683168	0.792079207920792
102	-0.333333333333333	0.313725490196078	-0.431372549019608	0.392156862745098	0.264705882352941	0.735294117647059	0.205882352941176	0.784313725490196	0.264705882352941	0.705882352941177	0.196078431372549	0.784313725490196
103	-0.339805825242718	0.320388349514563	-0.446601941747573	0.398058252427184	0.262135922330097	0.728155339805825	0.194174757281553	0.805825242718447	0.262135922330097	0.737864077669903	0.203883495145631	0.786407766990291
104	-0.326923076923077	0.336538461538462	-0.413461538461538	0.413461538461538	0.269230769230769	0.740384615384615	0.221153846153846	0.807692307692308	0.259615384615385	0.740384615384615	0.182692307692308	0.778846153846154
105	-0.333333333333333	0.342857142857143	-0.438095238095238	0.419047619047619	0.276190476190476	0.733333333333333	0.219047619047619	0.8	0.266666666666667	0.742857142857143	0.20952380952381	0.819047619047619
106	-0.358490566037736	0.349056603773585	-0.415094339622642	0.433962264150943	0.245283018867925	0.726415094339623	0.188679245283019	0.792452830188679	0.245283018867925	0.745283018867924	0.188679245283019	0.811320754716981
107	-0.327102803738318	0.336448598130841	-0.411214953271028	0.392523364485981	0.271028037383178	0.728971962616822	0.196261682242991	0.803738317757009	0.271028037383178	0.728971962616822	0.205607476635514	0.785046728971963
108	-0.333333333333333	0.314814814814815	-0.425925925925926	0.398148148148148	0.259259259259259	0.740740740740741	0.194444444444444	0.787037037037037	0.268518518518519	0.731481481481482	0.203703703703704	0.796296296296296
109	-0.36697247706422	0.339449541284404	-0.541284403669725	0.422018348623853	0.247706422018349	0.73394495412844	0.165137614678899	0.807339449541284	0.26605504587156	0.752293577981651	0.201834862385321	0.81651376146789
110	-0.345454545454545	0.3	-0.463636363636364	0.409090909090909	0.254545454545455	0.736363636363636	0.190909090909091	0.818181818181818	0.272727272727273	0.736363636363636	0.209090909090909	0.818181818181818
111	-0.36036036036036	0.351351351351351	-0.432432432432432	0.441441441441441	0.252252252252252	0.747747747747748	0.189189189189189	0.792792792792793	0.261261261261261	0.738738738738739	0.207207207207207	0.792792792792793
112	-0.348214285714286	0.330357142857143	-0.4375	0.4375	0.258928571428571	0.732142857142857	0.178571428571429	0.8125	0.267857142857143	0.732142857142857	0.1875	0.794642857142857
113	-0.336283185840708	0.327433628318584	-0.415929203539823	0.398230088495575	0.265486725663717	0.725663716814159	0.194690265486726	0.805309734513274	0.265486725663717	0.743362831858407	0.212389380530973	0.814159292035398
114	-0.342105263157895	0.307017543859649	-0.456140350877193	0.37719298245614	0.263157894736842	0.719298245614035	0.201754385964912	0.771929824561403	0.280701754385965	0.728070175438597	0.192982456140351	0.807017543859649
115	-0.347826086956522	0.330434782608696	-0.452173913043478	0.417391304347826	0.260869565217391	0.739130434782609	0.191304347826087	0.817391304347826	0.269565217391304	0.739130434782609	0.2	0.791304347826087
116	-0.318965517241379	0.336206896551724	-0.405172413793103	0.46551724137931	0.267241379310345	0.732758620689655	0.189655172413793	0.775862068965517	0.267241379310345	0.741379310344828	0.198275862068966	0.818965517241379
117	-0.35042735042735	0.333333333333333	-0.47008547008547	0.418803418803419	0.264957264957265	0.726495726495726	0.188034188034188	0.803418803418803	0.264957264957265	0.743589743589744	0.205128205128205	0.794871794871795
118	-0.330508474576271	0.313559322033898	-0.449152542372881	0.491525423728814	0.279661016949153	0.720338983050847	0.220338983050847	0.822033898305085	0.271186440677966	0.73728813559322	0.211864406779661	0.796610169491525
119	-0.310924369747899	0.352941176470588	-0.428571428571429	0.420168067226891	0.277310924369748	0.739495798319328	0.176470588235294	0.789915966386555	0.26890756302521	0.714285714285714	0.176470588235294	0.764705882352941
120	-0.333333333333333	0.341666666666667	-0.433333333333333	0.433333333333333	0.266666666666667	0.725	0.216666666666667	0.783333333333333	0.266666666666667	0.741666666666667	0.183333333333333	0.808333333333333
121	-0.330578512396694	0.338842975206612	-0.429752066115702	0.43801652892562	0.264462809917355	0.735537190082645	0.198347107438017	0.793388429752066	0.256198347107438	0.727272727272727	0.173553719008264	0.785123966942149
122	-0.344262295081967	0.336065573770492	-0.467213114754098	0.418032786885246	0.245901639344262	0.737704918032787	0.172131147540984	0.836065573770492	0.254098360655738	0.729508196721312	0.188524590163934	0.795081967213115
123	-0.32520325203252	0.32520325203252	-0.40650406504065	0.414634146341463	0.252032520325203	0.723577235772358	0.186991869918699	0.764227642276423	0.268292682926829	0.739837398373984	0.219512195121951	0.796747967479675
124	-0.314516129032258	0.330645161290323	-0.419354838709677	0.435483870967742	0.266129032258065	0.741935483870968	0.209677419354839	0.798387096774194	0.241935483870968	0.709677419354839	0.201612903225806	0.774193548387097
125	-0.328	0.328	-0.416	0.416	0.28	0.728	0.208	0.792	0.264	0.728	0.192	0.792
126	-0.349206349206349	0.325396825396825	-0.444444444444445	0.444444444444444	0.253968253968254	0.738095238095238	0.182539682539683	0.801587301587302	0.26984126984127	0.73015873015873	0.182539682539683	0.785714285714286
127	-0.338582677165354	0.330708661417323	-0.440944881889764	0.425196850393701	0.259842519685039	0.740157480314961	0.21259842519685	0.826771653543307	0.275590551181102	0.732283464566929	0.196850393700787	0.78740157480315
128	-0.359375	0.328125	-0.4296875	0.421875	0.2578125	0.734375	0.1875	0.8046875	0.2734375	0.7421875	0.2109375	0.8203125
129	-0.310077519379845	0.317829457364341	-0.395348837209302	0.387596899224806	0.271317829457364	0.728682170542636	0.201550387596899	0.775193798449612	0.255813953488372	0.728682170542636	0.178294573643411	0.790697674418605
130	-0.330769230769231	0.346153846153846	-0.461538461538462	0.415384615384615	0.276923076923077	0.746153846153846	0.207692307692308	0.8	0.261538461538462	0.753846153846154	0.192307692307692	0.815384615384615
131	-0.312977099236641	0.33587786259542	-0.427480916030534	0.480916030534351	0.259541984732824	0.748091603053435	0.175572519083969	0.824427480916031	0.274809160305344	0.740458015267176	0.206106870229008	0.801526717557252
132	-0.340909090909091	0.325757575757576	-0.446969696969697	0.424242424242424	0.257575757575758	0.734848484848485	0.166666666666667	0.810606060606061	0.265151515151515	0.727272727272727	0.196969696969697	0.818181818181818
133	-0.345864661654135	0.330827067669173	-0.451127819548872	0.43609022556391	0.270676691729323	0.744360902255639	0.195488721804511	0.804511278195489	0.278195488721804	0.736842105263158	0.195488721804511	0.804511278195489
134	-0.350746268656716	0.298507462686567	-0.470149253731343	0.380597014925373	0.26865671641791	0.716417910447761	0.194029850746269	0.76865671641791	0.26865671641791	0.746268656716418	0.186567164179104	0.791044776119403
135	-0.340740740740741	0.333333333333333	-0.466666666666667	0.474074074074074	0.259259259259259	0.748148148148148	0.192592592592593	0.837037037037037	0.244444444444444	0.748148148148148	0.17037037037037	0.814814814814815
136	-0.308823529411765	0.323529411764706	-0.411764705882353	0.433823529411765	0.264705882352941	0.720588235294118	0.169117647058824	0.779411764705882	0.286764705882353	0.713235294117647	0.205882352941176	0.779411764705882
137	-0.313868613138686	0.313868613138686	-0.445255474452555	0.416058394160584	0.262773722627737	0.72992700729927	0.175182481751825	0.81021897810219	0.262773722627737	0.715328467153285	0.182481751824818	0.802919708029197
138	-0.318840579710145	0.311594202898551	-0.449275362318841	0.384057971014493	0.27536231884058	0.731884057971015	0.217391304347826	0.804347826086957	0.268115942028986	0.731884057971015	0.195652173913043	0.797101449275362
139	-0.366906474820144	0.330935251798561	-0.467625899280576	0.410071942446043	0.266187050359712	0.726618705035971	0.172661870503597	0.776978417266187	0.273381294964029	0.755395683453237	0.20863309352518	0.827338129496403
140	-0.314285714285714	0.307142857142857	-0.392857142857143	0.464285714285714	0.278571428571429	0.714285714285714	0.214285714285714	0.792857142857143	0.257142857142857	0.735714285714286	0.214285714285714	0.792857142857143
141	-0.347517730496454	0.333333333333333	-0.446808510638298	0.404255319148936	0.26241134751773	0.737588652482269	0.184397163120567	0.801418439716312	0.276595744680851	0.730496453900709	0.191489361702128	0.808510638297872
142	-0.359154929577465	0.323943661971831	-0.47887323943662	0.436619718309859	0.253521126760563	0.732394366197183	0.204225352112676	0.795774647887324	0.267605633802817	0.746478873239437	0.197183098591549	0.809859154929577
143	-0.342657342657343	0.307692307692308	-0.454545454545455	0.454545454545455	0.258741258741259	0.72027972027972	0.188811188811189	0.769230769230769	0.300699300699301	0.734265734265734	0.216783216783217	0.804195804195804
144	-0.340277777777778	0.347222222222222	-0.458333333333333	0.430555555555556	0.256944444444444	0.722222222222222	0.159722222222222	0.777777777777778	0.256944444444444	0.729166666666667	0.1875	0.798611111111111
145	-0.337931034482759	0.310344827586207	-0.482758620689655	0.406896551724138	0.248275862068966	0.724137931034483	0.2	0.793103448275862	0.282758620689655	0.731034482758621	0.220689655172414	0.793103448275862
146	-0.335616438356164	0.315068493150685	-0.452054794520548	0.404109589041096	0.253424657534247	0.726027397260274	0.178082191780822	0.780821917808219	0.267123287671233	0.726027397260274	0.191780821917808	0.808219178082192
147	-0.346938775510204	0.326530612244898	-0.45578231292517	0.408163265306122	0.26530612244898	0.72108843537415	0.17687074829932	0.775510204081633	0.272108843537415	0.714285714285714	0.204081632653061	0.80952380952381
148	-0.337837837837838	0.310810810810811	-0.472972972972973	0.445945945945946	0.256756756756757	0.75	0.189189189189189	0.810810810810811	0.27027027027027	0.736486486486487	0.216216216216216	0.804054054054054
149	-0.308724832214765	0.328859060402685	-0.402684563758389	0.449664429530201	0.268456375838926	0.731543624161074	0.23489932885906	0.805369127516778	0.268456375838926	0.738255033557047	0.181208053691275	0.785234899328859
150	-0.34	0.326666666666667	-0.46	0.446666666666667	0.273333333333333	0.726666666666667	0.18	0.78	0.273333333333333	0.74	0.2	0.806666666666667
151	-0.324503311258278	0.337748344370861	-0.450331125827815	0.397350993377483	0.278145695364238	0.721854304635762	0.211920529801325	0.794701986754967	0.28476821192053	0.71523178807947	0.198675496688742	0.774834437086093
152	-0.342105263157895	0.335526315789474	-0.440789473684211	0.467105263157895	0.276315789473684	0.736842105263158	0.184210526315789	0.822368421052632	0.269736842105263	0.736842105263158	0.210526315789474	0.802631578947368
153	-0.352941176470588	0.320261437908497	-0.477124183006536	0.398692810457516	0.254901960784314	0.745098039215686	0.176470588235294	0.830065359477124	0.281045751633987	0.745098039215686	0.215686274509804	0.816993464052288
154	-0.311688311688312	0.311688311688312	-0.396103896103896	0.38961038961039	0.266233766233766	0.727272727272727	0.201298701298701	0.798701298701299	0.285714285714286	0.707792207792208	0.214285714285714	0.772727272727273
155	-0.329032258064516	0.316129032258064	-0.425806451612903	0.412903225806452	0.283870967741935	0.729032258064516	0.212903225806452	0.787096774193548	0.27741935483871	0.748387096774194	0.187096774193548	0.819354838709677
156	-0.314102564102564	0.32051282051282	-0.435897435897436	0.423076923076923	0.256410256410256	0.730769230769231	0.205128205128205	0.801282051282051	0.256410256410256	0.737179487179487	0.205128205128205	0.788461538461538
157	-0.35031847133758	0.331210191082803	-0.426751592356688	0.420382165605096	0.267515923566879	0.726114649681529	0.165605095541401	0.777070063694268	0.267515923566879	0.726114649681529	0.203821656050955	0.78343949044586
158	-0.348101265822785	0.329113924050633	-0.424050632911392	0.481012658227848	0.259493670886076	0.721518987341772	0.20253164556962	0.80379746835443	0.272151898734177	0.721518987341772	0.189873417721519	0.784810126582278
159	-0.339622641509434	0.345911949685535	-0.440251572327044	0.39622641509434	0.276729559748428	0.742138364779874	0.188679245283019	0.792452830188679	0.276729559748428	0.729559748427673	0.20125786163522	0.79874213836478
160	-0.31875	0.325	-0.4125	0.44375	0.26875	0.725	0.20625	0.83125	0.28125	0.725	0.2125	0.8
161	-0.341614906832298	0.341614906832298	-0.46583850931677	0.416149068322981	0.273291925465839	0.726708074534162	0.204968944099379	0.77639751552795	0.254658385093168	0.732919254658385	0.192546583850932	0.77639751552795
162	-0.327160493827161	0.345679012345679	-0.425925925925926	0.438271604938272	0.277777777777778	0.728395061728395	0.203703703703704	0.783950617283951	0.265432098765432	0.709876543209877	0.179012345679012	0.771604938271605
163	-0.319018404907976	0.343558282208589	-0.47239263803681	0.441717791411043	0.263803680981595	0.742331288343558	0.196319018404908	0.791411042944785	0.263803680981595	0.705521472392638	0.190184049079755	0.785276073619632
164	-0.329268292682927	0.323170731707317	-0.426829268292683	0.402439024390244	0.25609756097561	0.73780487804878	0.170731707317073	0.810975609756098	0.274390243902439	0.713414634146341	0.225609756097561	0.768292682926829
165	-0.309090909090909	0.339393939393939	-0.387878787878788	0.436363636363636	0.266666666666667	0.727272727272727	0.218181818181818	0.806060606060606	0.266666666666667	0.733333333333333	0.187878787878788	0.793939393939394
166	-0.355421686746988	0.325301204819277	-0.457831325301205	0.445783132530121	0.271084337349398	0.740963855421687	0.192771084337349	0.819277108433735	0.283132530120482	0.728915662650602	0.246987951807229	0.825301204819277
167	-0.32934131736527	0.323353293413174	-0.413173652694611	0.461077844311377	0.275449101796407	0.74251497005988	0.221556886227545	0.784431137724551	0.263473053892216	0.74251497005988	0.173652694610778	0.778443113772455
168	-0.333333333333333	0.333333333333333	-0.446428571428571	0.410714285714286	0.255952380952381	0.720238095238095	0.208333333333333	0.791666666666667	0.273809523809524	0.732142857142857	0.196428571428571	0.797619047619048
169	-0.307692307692308	0.313609467455621	-0.42603550295858	0.378698224852071	0.272189349112426	0.727810650887574	0.21301775147929	0.78698224852071	0.27810650887574	0.727810650887574	0.195266272189349	0.781065088757396
170	-0.3	0.323529411764706	-0.4	0.405882352941176	0.270588235294118	0.723529411764706	0.211764705882353	0.782352941176471	0.282352941176471	0.717647058823529	0.211764705882353	0.782352941176471
171	-0.339181286549708	0.345029239766082	-0.415204678362573	0.409356725146199	0.269005847953216	0.719298245614035	0.216374269005848	0.795321637426901	0.280701754385965	0.730994152046784	0.216374269005848	0.807017543859649
172	-0.337209302325581	0.337209302325581	-0.412790697674419	0.436046511627907	0.25	0.726744186046512	0.191860465116279	0.779069767441861	0.267441860465116	0.720930232558139	0.197674418604651	0.784883720930233
173	-0.329479768786127	0.323699421965318	-0.450867052023121	0.433526011560694	0.260115606936416	0.722543352601156	0.190751445086705	0.803468208092486	0.260115606936416	0.745664739884393	0.219653179190751	0.809248554913295
174	-0.310344827586207	0.316091954022989	-0.459770114942529	0.402298850574713	0.264367816091954	0.718390804597701	0.195402298850575	0.78735632183908	0.281609195402299	0.718390804597701	0.21264367816092	0.804597701149425
175	-0.308571428571429	0.325714285714286	-0.405714285714286	0.405714285714286	0.257142857142857	0.725714285714286	0.194285714285714	0.788571428571429	0.268571428571429	0.725714285714286	0.182857142857143	0.782857142857143
176	-0.340909090909091	0.3125	-0.4375	0.397727272727273	0.278409090909091	0.721590909090909	0.193181818181818	0.772727272727273	0.261363636363636	0.761363636363636	0.198863636363636	0.801136363636364
177	-0.31638418079096	0.338983050847458	-0.395480225988701	0.429378531073446	0.27683615819209	0.751412429378531	0.203389830508475	0.790960451977401	0.259887005649718	0.728813559322034	0.186440677966102	0.796610169491525
178	-0.348314606741573	0.342696629213483	-0.449438202247191	0.438202247191011	0.275280898876405	0.747191011235955	0.219101123595506	0.792134831460674	0.269662921348315	0.752808988764045	0.213483146067416	0.820224719101124
179	-0.335195530726257	0.335195530726257	-0.435754189944134	0.418994413407821	0.251396648044693	0.731843575418994	0.162011173184358	0.793296089385475	0.273743016759777	0.731843575418994	0.240223463687151	0.793296089385475
180	-0.316666666666667	0.322222222222222	-0.411111111111111	0.427777777777778	0.272222222222222	0.727777777777778	0.211111111111111	0.811111111111111	0.266666666666667	0.727777777777778	0.194444444444444	0.794444444444444
181	-0.325966850828729	0.337016574585635	-0.419889502762431	0.430939226519337	0.281767955801105	0.734806629834254	0.160220994475138	0.806629834254144	0.270718232044199	0.723756906077348	0.198895027624309	0.784530386740331
182	-0.351648351648352	0.302197802197802	-0.401098901098901	0.395604395604396	0.258241758241758	0.714285714285714	0.175824175824176	0.769230769230769	0.28021978021978	0.71978021978022	0.21978021978022	0.785714285714286
183	-0.33879781420765	0.33879781420765	-0.415300546448088	0.437158469945355	0.262295081967213	0.73224043715847	0.191256830601093	0.786885245901639	0.262295081967213	0.743169398907104	0.213114754098361	0.814207650273224
184	-0.33695652173913	0.358695652173913	-0.429347826086957	0.423913043478261	0.255434782608696	0.728260869565217	0.184782608695652	0.815217391304348	0.266304347826087	0.717391304347826	0.206521739130435	0.777173913043478
185	-0.351351351351351	0.32972972972973	-0.454054054054054	0.389189189189189	0.259459459459459	0.72972972972973	0.183783783783784	0.821621621621622	0.254054054054054	0.718918918918919	0.216216216216216	0.783783783783784
186	-0.360215053763441	0.301075268817204	-0.446236559139785	0.435483870967742	0.268817204301075	0.736559139784946	0.21505376344086	0.806451612903226	0.263440860215054	0.720430107526882	0.188172043010753	0.774193548387097
187	-0.310160427807487	0.32620320855615	-0.39572192513369	0.411764705882353	0.27807486631016	0.727272727272727	0.18716577540107	0.802139037433155	0.267379679144385	0.727272727272727	0.224598930481283	0.812834224598931
188	-0.324468085106383	0.313829787234043	-0.409574468085106	0.388297872340426	0.271276595744681	0.718085106382979	0.202127659574468	0.803191489361702	0.271276595744681	0.734042553191489	0.212765957446809	0.808510638297872
189	-0.306878306878307	0.333333333333333	-0.428571428571429	0.44973544973545	0.26984126984127	0.735449735449735	0.185185185185185	0.80952380952381	0.259259259259259	0.724867724867725	0.19047619047619	0.783068783068783
190	-0.305263157894737	0.294736842105263	-0.410526315789474	0.389473684210526	0.284210526315789	0.715789473684211	0.215789473684211	0.778947368421053	0.273684210526316	0.726315789473684	0.215789473684211	0.778947368421053
191	-0.324607329842932	0.287958115183246	-0.387434554973822	0.392670157068063	0.261780104712042	0.717277486910995	0.198952879581152	0.780104712041885	0.282722513089005	0.727748691099476	0.225130890052356	0.806282722513089
192	-0.34375	0.322916666666667	-0.401041666666667	0.421875	0.270833333333333	0.723958333333333	0.192708333333333	0.78125	0.270833333333333	0.71875	0.197916666666667	0.791666666666667
193	-0.310880829015544	0.316062176165803	-0.419689119170984	0.44559585492228	0.259067357512953	0.725388601036269	0.212435233160622	0.787564766839378	0.264248704663212	0.72020725388601	0.181347150259067	0.77720207253886
194	-0.319587628865979	0.319587628865979	-0.438144329896907	0.407216494845361	0.257731958762887	0.731958762886598	0.201030927835052	0.778350515463918	0.278350515463918	0.721649484536082	0.216494845360825	0.793814432989691
195	-0.323076923076923	0.312820512820513	-0.4	0.441025641025641	0.271794871794872	0.738461538461539	0.18974358974359	0.805128205128205	0.276923076923077	0.728205128205128	0.220512820512821	0.769230769230769
196	-0.311224489795918	0.306122448979592	-0.397959183673469	0.423469387755102	0.26530612244898	0.724489795918367	0.214285714285714	0.795918367346939	0.260204081632653	0.73469387755102	0.214285714285714	0.795918367346939
197	-0.284263959390863	0.314720812182741	-0.441624365482233	0.441624365482234	0.274111675126904	0.730964467005076	0.213197969543147	0.812182741116751	0.258883248730964	0.720812182741117	0.177664974619289	0.766497461928934
198	-0.303030303030303	0.303030303030303	-0.404040404040404	0.419191919191919	0.262626262626263	0.712121212121212	0.196969696969697	0.803030303030303	0.277777777777778	0.712121212121212	0.202020202020202	0.762626262626263
199	-0.316582914572864	0.321608040201005	-0.437185929648241	0.437185929648241	0.281407035175879	0.733668341708543	0.175879396984925	0.78391959798995	0.276381909547739	0.723618090452261	0.231155778894472	0.778894472361809
200	-0.325	0.31	-0.415	0.39	0.265	0.73	0.195	0.77	0.28	0.725	0.21	0.815
201	-0.328358208955224	0.308457711442786	-0.427860696517413	0.398009950248756	0.27363184079602	0.721393034825871	0.199004975124378	0.805970149253731	0.263681592039801	0.73134328358209	0.218905472636816	0.82089552238806
202	-0.311881188118812	0.297029702970297	-0.415841584158416	0.361386138613861	0.272277227722772	0.707920792079208	0.227722772277228	0.787128712871287	0.272277227722772	0.712871287128713	0.217821782178218	0.777227722772277
203	-0.315270935960591	0.32512315270936	-0.408866995073892	0.438423645320197	0.266009852216749	0.724137931034483	0.211822660098522	0.798029556650246	0.251231527093596	0.714285714285714	0.147783251231527	0.773399014778325
204	-0.32843137254902	0.32843137254902	-0.416666666666667	0.441176470588235	0.279411764705882	0.735294117647059	0.196078431372549	0.813725490196078	0.269607843137255	0.720588235294118	0.191176470588235	0.78921568627451
205	-0.317073170731707	0.302439024390244	-0.380487804878049	0.414634146341463	0.268292682926829	0.731707317073171	0.190243902439024	0.8	0.273170731707317	0.712195121951219	0.229268292682927	0.795121951219512
206	-0.33495145631068	0.354368932038835	-0.436893203883495	0.451456310679612	0.252427184466019	0.733009708737864	0.199029126213592	0.771844660194175	0.257281553398058	0.737864077669903	0.184466019417476	0.820388349514563
207	-0.304347826086957	0.328502415458937	-0.405797101449275	0.444444444444444	0.270531400966184	0.72463768115942	0.21256038647343	0.811594202898551	0.256038647342995	0.714975845410628	0.183574879227053	0.782608695652174
208	-0.3125	0.341346153846154	-0.413461538461538	0.4375	0.274038461538462	0.730769230769231	0.225961538461538	0.802884615384615	0.264423076923077	0.75	0.206730769230769	0.807692307692308
209	-0.30622009569378	0.311004784688995	-0.444976076555024	0.397129186602871	0.267942583732057	0.727272727272727	0.186602870813397	0.813397129186603	0.272727272727273	0.717703349282297	0.220095693779904	0.77511961722488
210	-0.338095238095238	0.347619047619048	-0.452380952380952	0.466666666666667	0.257142857142857	0.728571428571429	0.161904761904762	0.814285714285714	0.276190476190476	0.728571428571429	0.195238095238095	0.814285714285714
211	-0.312796208530806	0.317535545023697	-0.42654028436019	0.421800947867299	0.260663507109005	0.710900473933649	0.170616113744076	0.791469194312796	0.270142180094787	0.71563981042654	0.222748815165877	0.796208530805687
212	-0.316037735849057	0.311320754716981	-0.400943396226415	0.372641509433962	0.264150943396226	0.735849056603774	0.207547169811321	0.806603773584906	0.278301886792453	0.726415094339623	0.235849056603774	0.811320754716981
213	-0.31924882629108	0.31924882629108	-0.427230046948357	0.403755868544601	0.253521126760563	0.708920187793427	0.187793427230047	0.779342723004695	0.276995305164319	0.723004694835681	0.206572769953052	0.779342723004695
214	-0.308411214953271	0.322429906542056	-0.439252336448598	0.420560747663551	0.271028037383178	0.719626168224299	0.219626168224299	0.771028037383178	0.261682242990654	0.719626168224299	0.191588785046729	0.808411214953271
215	-0.311627906976744	0.325581395348837	-0.432558139534884	0.418604651162791	0.27906976744186	0.73953488372093	0.204651162790698	0.786046511627907	0.269767441860465	0.725581395348837	0.204651162790698	0.781395348837209
216	-0.328703703703704	0.328703703703704	-0.435185185185185	0.398148148148148	0.277777777777778	0.736111111111111	0.194444444444444	0.800925925925926	0.268518518518519	0.736111111111111	0.194444444444444	0.791666666666667
217	-0.331797235023041	0.350230414746544	-0.410138248847926	0.423963133640553	0.267281105990783	0.737327188940092	0.193548387096774	0.783410138248848	0.271889400921659	0.728110599078341	0.175115207373272	0.783410138248848
218	-0.339449541284404	0.321100917431193	-0.403669724770642	0.422018348623853	0.270642201834862	0.720183486238532	0.211009174311927	0.788990825688073	0.26605504587156	0.729357798165138	0.215596330275229	0.784403669724771
219	-0.333333333333333	0.319634703196347	-0.397260273972603	0.4337899543379	0.26027397260274	0.73972602739726	0.191780821917808	0.812785388127854	0.28310502283105	0.730593607305936	0.19634703196347	0.789954337899543
220	-0.3	0.318181818181818	-0.418181818181818	0.386363636363636	0.277272727272727	0.722727272727273	0.2	0.781818181818182	0.272727272727273	0.727272727272727	0.209090909090909	0.790909090909091
221	-0.316742081447964	0.334841628959276	-0.434389140271493	0.411764705882353	0.257918552036199	0.719457013574661	0.203619909502262	0.769230769230769	0.280542986425339	0.742081447963801	0.235294117647059	0.791855203619909
222	-0.346846846846847	0.292792792792793	-0.427927927927928	0.36036036036036	0.27027027027027	0.716216216216216	0.22972972972973	0.783783783783784	0.288288288288288	0.716216216216216	0.211711711711712	0.806306306306306
223	-0.336322869955157	0.322869955156951	-0.417040358744395	0.403587443946188	0.26457399103139	0.730941704035874	0.20627802690583	0.7847533632287	0.286995515695067	0.717488789237668	0.2152466367713	0.789237668161435
224	-0.316964285714286	0.321428571428571	-0.388392857142857	0.401785714285714	0.267857142857143	0.714285714285714	0.209821428571429	0.767857142857143	0.25	0.709821428571429	0.1875	0.763392857142857
225	-0.297777777777778	0.315555555555556	-0.4	0.4	0.275555555555556	0.724444444444444	0.191111111111111	0.808888888888889	0.253333333333333	0.728888888888889	0.2	0.844444444444444
226	-0.331858407079646	0.314159292035398	-0.415929203539823	0.411504424778761	0.278761061946903	0.721238938053097	0.207964601769911	0.79646017699115	0.261061946902655	0.721238938053097	0.185840707964602	0.79646017699115
227	-0.33920704845815	0.281938325991189	-0.440528634361233	0.400881057268722	0.273127753303965	0.731277533039648	0.211453744493392	0.797356828193833	0.273127753303965	0.73568281938326	0.211453744493392	0.797356828193833
228	-0.31140350877193	0.302631578947368	-0.429824561403509	0.394736842105263	0.263157894736842	0.728070175438597	0.210526315789474	0.785087719298246	0.289473684210526	0.714912280701754	0.236842105263158	0.785087719298246
229	-0.318777292576419	0.336244541484716	-0.419213973799127	0.414847161572052	0.266375545851528	0.724890829694323	0.213973799126638	0.790393013100437	0.270742358078603	0.720524017467249	0.213973799126638	0.790393013100437
230	-0.31304347826087	0.28695652173913	-0.408695652173913	0.352173913043478	0.256521739130435	0.726086956521739	0.21304347826087	0.782608695652174	0.269565217391304	0.734782608695652	0.195652173913043	0.78695652173913
231	-0.333333333333333	0.311688311688312	-0.493506493506494	0.411255411255411	0.272727272727273	0.727272727272727	0.181818181818182	0.796536796536797	0.268398268398268	0.735930735930736	0.194805194805195	0.805194805194805
232	-0.327586206896552	0.297413793103448	-0.431034482758621	0.387931034482759	0.271551724137931	0.706896551724138	0.198275862068966	0.823275862068966	0.280172413793103	0.728448275862069	0.206896551724138	0.775862068965517
233	-0.339055793991416	0.309012875536481	-0.44206008583691	0.40343347639485	0.270386266094421	0.721030042918455	0.184549356223176	0.789699570815451	0.270386266094421	0.746781115879828	0.197424892703863	0.802575107296137
234	-0.307692307692308	0.316239316239316	-0.457264957264957	0.397435897435897	0.277777777777778	0.717948717948718	0.222222222222222	0.764957264957265	0.260683760683761	0.717948717948718	0.175213675213675	0.782051282051282
235	-0.340425531914894	0.319148936170213	-0.417021276595745	0.395744680851064	0.280851063829787	0.714893617021277	0.204255319148936	0.782978723404255	0.263829787234043	0.714893617021277	0.187234042553191	0.778723404255319
236	-0.343220338983051	0.313559322033898	-0.406779661016949	0.39406779661017	0.275423728813559	0.733050847457627	0.211864406779661	0.792372881355932	0.266949152542373	0.745762711864407	0.203389830508475	0.783898305084746
237	-0.308016877637131	0.308016877637131	-0.451476793248945	0.430379746835443	0.265822784810127	0.717299578059072	0.19831223628692	0.767932489451477	0.270042194092827	0.725738396624473	0.189873417721519	0.789029535864979
238	-0.327731092436975	0.327731092436975	-0.441176470588235	0.420168067226891	0.260504201680672	0.726890756302521	0.180672268907563	0.798319327731092	0.277310924369748	0.726890756302521	0.222689075630252	0.764705882352941
239	-0.317991631799163	0.305439330543933	-0.447698744769874	0.397489539748954	0.276150627615063	0.728033472803347	0.230125523012552	0.782426778242678	0.271966527196653	0.719665271966527	0.200836820083682	0.799163179916318
240	-0.341666666666667	0.3	-0.425	0.366666666666667	0.25	0.733333333333333	0.191666666666667	0.791666666666667	0.2625	0.7125	0.195833333333333	0.770833333333333
241	-0.323651452282158	0.33195020746888	-0.448132780082988	0.468879668049792	0.273858921161826	0.730290456431535	0.215767634854772	0.809128630705394	0.265560165975104	0.730290456431535	0.224066390041494	0.796680497925311
242	-0.318181818181818	0.309917355371901	-0.442148760330579	0.396694214876033	0.256198347107438	0.71900826446281	0.198347107438017	0.805785123966942	0.28099173553719	0.710743801652893	0.223140495867769	0.789256198347107
243	-0.337448559670782	0.288065843621399	-0.444444444444444	0.374485596707819	0.279835390946502	0.720164609053498	0.218106995884774	0.769547325102881	0.267489711934156	0.728395061728395	0.209876543209877	0.798353909465021
244	-0.319672131147541	0.331967213114754	-0.418032786885246	0.434426229508197	0.274590163934426	0.733606557377049	0.192622950819672	0.799180327868853	0.290983606557377	0.717213114754098	0.200819672131148	0.778688524590164
245	-0.326530612244898	0.322448979591837	-0.43265306122449	0.412244897959184	0.277551020408163	0.718367346938775	0.208163265306122	0.775510204081633	0.273469387755102	0.718367346938775	0.220408163265306	0.771428571428571
246	-0.341463414634146	0.321138211382114	-0.40650406504065	0.41869918699187	0.264227642276423	0.719512195121951	0.191056910569106	0.772357723577236	0.272357723577236	0.727642276422764	0.191056910569106	0.784552845528455
247	-0.336032388663968	0.327935222672065	-0.412955465587045	0.441295546558704	0.271255060728745	0.724696356275304	0.186234817813765	0.789473684210526	0.271255060728745	0.732793522267207	0.222672064777328	0.801619433198381
248	-0.32258064516129	0.306451612903226	-0.407258064516129	0.391129032258065	0.278225806451613	0.741935483870968	0.217741935483871	0.810483870967742	0.290322580645161	0.721774193548387	0.213709677419355	0.798387096774194
249	-0.329317269076305	0.353413654618474	-0.421686746987952	0.413654618473896	0.257028112449799	0.730923694779116	0.216867469879518	0.795180722891566	0.273092369477912	0.730923694779116	0.196787148594378	0.803212851405622
250	-0.292	0.316	-0.416	0.4	0.276	0.716	0.208	0.772	0.276	0.72	0.192	0.784
251	-0.322709163346614	0.302788844621514	-0.450199203187251	0.422310756972112	0.270916334661355	0.717131474103586	0.175298804780877	0.792828685258964	0.290836653386454	0.713147410358566	0.195219123505976	0.760956175298805
252	-0.321428571428571	0.329365079365079	-0.404761904761905	0.424603174603175	0.26984126984127	0.73015873015873	0.218253968253968	0.80952380952381	0.277777777777778	0.726190476190476	0.194444444444444	0.765873015873016
253	-0.33201581027668	0.320158102766798	-0.434782608695652	0.383399209486166	0.268774703557312	0.711462450592885	0.209486166007905	0.778656126482213	0.284584980237154	0.727272727272727	0.213438735177866	0.794466403162055
254	-0.330708661417323	0.303149606299213	-0.464566929133858	0.413385826771653	0.263779527559055	0.716535433070866	0.208661417322835	0.775590551181102	0.283464566929134	0.728346456692913	0.216535433070866	0.791338582677165
255	-0.32156862745098	0.341176470588235	-0.411764705882353	0.396078431372549	0.286274509803922	0.749019607843137	0.23921568627451	0.792156862745098	0.266666666666667	0.729411764705882	0.211764705882353	0.776470588235294
256	-0.3203125	0.328125	-0.484375	0.46875	0.26953125	0.7265625	0.17578125	0.7890625	0.265625	0.73046875	0.19140625	0.76953125
257	-0.330739299610895	0.303501945525292	-0.416342412451362	0.408560311284047	0.284046692607004	0.715953307392996	0.229571984435798	0.782101167315175	0.284046692607004	0.735408560311284	0.217898832684825	0.805447470817121
258	-0.310077519379845	0.313953488372093	-0.422480620155039	0.437984496124031	0.263565891472868	0.720930232558139	0.228682170542636	0.810077519379845	0.271317829457364	0.717054263565892	0.197674418604651	0.771317829457364
259	-0.324324324324324	0.316602316602317	-0.409266409266409	0.405405405405405	0.274131274131274	0.722007722007722	0.212355212355212	0.787644787644788	0.274131274131274	0.714285714285714	0.204633204633205	0.772200772200772
260	-0.330769230769231	0.3	-0.457692307692308	0.392307692307692	0.261538461538462	0.734615384615385	0.2	0.796153846153846	0.288461538461538	0.734615384615385	0.211538461538462	0.776923076923077
261	-0.325670498084291	0.302681992337165	-0.417624521072797	0.390804597701149	0.279693486590038	0.735632183908046	0.191570881226054	0.773946360153257	0.283524904214559	0.71264367816092	0.226053639846743	0.78544061302682
262	-0.316793893129771	0.293893129770992	-0.423664122137405	0.362595419847328	0.274809160305344	0.717557251908397	0.213740458015267	0.767175572519084	0.274809160305344	0.721374045801527	0.213740458015267	0.797709923664122
263	-0.300380228136882	0.307984790874525	-0.422053231939164	0.384030418250951	0.269961977186312	0.718631178707224	0.190114068441065	0.779467680608365	0.277566539923954	0.730038022813688	0.231939163498099	0.802281368821293
264	-0.314393939393939	0.295454545454545	-0.412878787878788	0.397727272727273	0.272727272727273	0.723484848484849	0.21969696969697	0.776515151515151	0.284090909090909	0.712121212121212	0.212121212121212	0.784090909090909
265	-0.316981132075472	0.320754716981132	-0.418867924528302	0.4	0.260377358490566	0.724528301886792	0.2	0.784905660377359	0.283018867924528	0.713207547169811	0.20377358490566	0.773584905660377
266	-0.319548872180451	0.342105263157895	-0.488721804511278	0.432330827067669	0.281954887218045	0.725563909774436	0.210526315789474	0.796992481203007	0.263157894736842	0.736842105263158	0.180451127819549	0.793233082706767
267	-0.322097378277154	0.310861423220974	-0.385767790262172	0.385767790262172	0.262172284644195	0.734082397003745	0.176029962546816	0.797752808988764	0.273408239700375	0.711610486891386	0.205992509363296	0.771535580524345
268	-0.317164179104478	0.317164179104478	-0.455223880597015	0.402985074626866	0.264925373134328	0.720149253731343	0.208955223880597	0.802238805970149	0.283582089552239	0.727611940298508	0.212686567164179	0.779850746268657
269	-0.323420074349442	0.304832713754647	-0.371747211895911	0.449814126394052	0.263940520446097	0.724907063197026	0.197026022304833	0.780669144981413	0.271375464684015	0.713754646840149	0.197026022304833	0.773234200743494
270	-0.318518518518519	0.325925925925926	-0.4	0.381481481481482	0.262962962962963	0.725925925925926	0.192592592592593	0.781481481481481	0.27037037037037	0.711111111111111	0.211111111111111	0.759259259259259
271	-0.33210332103321	0.317343173431734	-0.416974169741697	0.424354243542435	0.273062730627306	0.734317343173432	0.199261992619926	0.793357933579336	0.273062730627306	0.712177121771218	0.225092250922509	0.763837638376384
272	-0.294117647058823	0.334558823529412	-0.386029411764706	0.400735294117647	0.290441176470588	0.713235294117647	0.220588235294118	0.775735294117647	0.268382352941176	0.724264705882353	0.216911764705882	0.797794117647059
273	-0.326007326007326	0.318681318681319	-0.505494505494505	0.406593406593407	0.278388278388278	0.721611721611722	0.208791208791209	0.772893772893773	0.271062271062271	0.73992673992674	0.216117216117216	0.783882783882784
274	-0.335766423357664	0.313868613138686	-0.416058394160584	0.423357664233577	0.262773722627737	0.722627737226277	0.186131386861314	0.77007299270073	0.262773722627737	0.726277372262774	0.204379562043796	0.791970802919708
275	-0.305454545454545	0.330909090909091	-0.418181818181818	0.396363636363636	0.272727272727273	0.741818181818182	0.192727272727273	0.789090909090909	0.287272727272727	0.741818181818182	0.192727272727273	0.792727272727273
276	-0.300724637681159	0.340579710144927	-0.380434782608696	0.456521739130435	0.27536231884058	0.731884057971015	0.199275362318841	0.789855072463768	0.271739130434783	0.72463768115942	0.199275362318841	0.822463768115942
277	-0.346570397111913	0.314079422382671	-0.422382671480144	0.433212996389892	0.285198555956679	0.714801444043321	0.212996389891697	0.776173285198556	0.274368231046931	0.729241877256318	0.209386281588448	0.790613718411552
278	-0.334532374100719	0.338129496402878	-0.435251798561151	0.435251798561151	0.280575539568345	0.744604316546763	0.183453237410072	0.784172661870504	0.248201438848921	0.733812949640288	0.205035971223022	0.805755395683453
279	-0.290322580645161	0.308243727598566	-0.390681003584229	0.405017921146953	0.290322580645161	0.716845878136201	0.207885304659498	0.767025089605735	0.275985663082437	0.724014336917563	0.218637992831541	0.813620071684588
280	-0.325	0.3	-0.414285714285714	0.442857142857143	0.257142857142857	0.710714285714286	0.196428571428571	0.789285714285714	0.271428571428571	0.721428571428571	0.207142857142857	0.771428571428571
281	-0.323843416370107	0.352313167259787	-0.402135231316726	0.430604982206406	0.270462633451957	0.733096085409253	0.199288256227758	0.797153024911032	0.277580071174377	0.725978647686833	0.188612099644128	0.800711743772242
282	-0.304964539007092	0.315602836879433	-0.418439716312057	0.411347517730496	0.273049645390071	0.723404255319149	0.212765957446809	0.808510638297872	0.287234042553192	0.734042553191489	0.216312056737589	0.804964539007092
283	-0.31095406360424	0.303886925795053	-0.406360424028269	0.416961130742049	0.282685512367491	0.731448763250883	0.215547703180212	0.791519434628975	0.282685512367491	0.734982332155477	0.212014134275618	0.784452296819788
284	-0.327464788732394	0.313380281690141	-0.429577464788732	0.383802816901408	0.285211267605634	0.714788732394366	0.25	0.78169014084507	0.267605633802817	0.725352112676056	0.193661971830986	0.806338028169014
285	-0.326315789473684	0.329824561403509	-0.410526315789474	0.417543859649123	0.270175438596491	0.719298245614035	0.196491228070175	0.778947368421053	0.266666666666667	0.719298245614035	0.164912280701754	0.817543859649123
286	-0.311188811188811	0.311188811188811	-0.433566433566434	0.384615384615385	0.29020979020979	0.727272727272727	0.223776223776224	0.783216783216783	0.272727272727273	0.734265734265734	0.192307692307692	0.800699300699301
287	-0.334494773519164	0.306620209059233	-0.439024390243902	0.40418118466899	0.268292682926829	0.728222996515679	0.212543554006969	0.790940766550523	0.282229965156794	0.735191637630662	0.195121951219512	0.804878048780488
288	-0.319444444444444	0.3125	-0.409722222222222	0.399305555555556	0.284722222222222	0.729166666666667	0.1875	0.795138888888889	0.274305555555556	0.708333333333333	0.201388888888889	0.767361111111111
289	-0.318339100346021	0.349480968858132	-0.43598615916955	0.42560553633218	0.283737024221453	0.72318339100346	0.204152249134948	0.820069204152249	0.273356401384083	0.740484429065744	0.176470588235294	0.785467128027682
290	-0.289655172413793	0.331034482758621	-0.403448275862069	0.46551724137931	0.275862068965517	0.727586206896552	0.220689655172414	0.810344827586207	0.275862068965517	0.727586206896552	0.203448275862069	0.775862068965517
291	-0.319587628865979	0.319587628865979	-0.422680412371134	0.429553264604811	0.268041237113402	0.735395189003436	0.202749140893471	0.783505154639175	0.271477663230241	0.731958762886598	0.213058419243986	0.810996563573883
292	-0.311643835616438	0.318493150684932	-0.400684931506849	0.407534246575342	0.287671232876712	0.715753424657534	0.232876712328767	0.797945205479452	0.267123287671233	0.722602739726027	0.198630136986301	0.770547945205479
293	-0.327645051194539	0.31740614334471	-0.419795221843003	0.433447098976109	0.276450511945392	0.733788395904437	0.177474402730375	0.805460750853242	0.25938566552901	0.726962457337884	0.197952218430034	0.805460750853242
294	-0.306122448979592	0.32312925170068	-0.445578231292517	0.380952380952381	0.285714285714286	0.73469387755102	0.22108843537415	0.789115646258503	0.282312925170068	0.73469387755102	0.227891156462585	0.799319727891156
295	-0.325423728813559	0.322033898305085	-0.427118644067797	0.379661016949152	0.267796610169492	0.71864406779661	0.206779661016949	0.789830508474576	0.264406779661017	0.722033898305085	0.196610169491525	0.793220338983051
296	-0.341216216216216	0.314189189189189	-0.412162162162162	0.432432432432432	0.280405405405405	0.726351351351351	0.195945945945946	0.773648648648649	0.260135135135135	0.733108108108108	0.189189189189189	0.783783783783784
297	-0.323232323232323	0.303030303030303	-0.424242424242424	0.387205387205387	0.265993265993266	0.727272727272727	0.202020202020202	0.781144781144781	0.279461279461279	0.717171717171717	0.228956228956229	0.774410774410774
298	-0.332214765100671	0.315436241610738	-0.419463087248322	0.419463087248322	0.278523489932886	0.731543624161074	0.197986577181208	0.802013422818792	0.278523489932886	0.724832214765101	0.191275167785235	0.781879194630873
299	-0.301003344481605	0.294314381270903	-0.397993311036789	0.40133779264214	0.287625418060201	0.732441471571906	0.240802675585284	0.806020066889632	0.284280936454849	0.725752508361204	0.214046822742475	0.789297658862876
300	-0.326666666666667	0.306666666666667	-0.403333333333333	0.396666666666667	0.276666666666667	0.723333333333333	0.213333333333333	0.793333333333333	0.273333333333333	0.706666666666667	0.173333333333333	0.79
