DEPTH	P_L_95	P_H_95	P_L_99	P_H_99	P_L_95_A	P_H_95_A	P_L_99_A	P_H_99_A	P_L_95_B	P_H_95_B	P_L_99_B	P_H_99_B
1	-1	1	-1	1	0	1	0	1	0	1	0	1
2	-1	1	-1	1	0	1	0	1	0	1	0	1
3	-0.666666666666667	0.666666666666667	-1	1	0	1	0	1	0	1	0	1
4	-0.75	0.75	-1	0.75	0	1	0	1	0	1	0	1
5	-0.6	0.6	-0.8	0.8	0	0.8	0	1	0	1	0	1
6	-0.666666666666667	0.5	-0.833333333333333	0.833333333333333	0.166666666666667	0.833333333333333	0	1	0.166666666666667	0.833333333333333	0	1
7	-0.571428571428571	0.571428571428571	-0.714285714285714	0.571428571428571	0.142857142857143	0.857142857142857	0	1	0.142857142857143	0.857142857142857	0	1
8	-0.5	0.5	-0.625	0.625	0.125	0.875	0	0.875	0.125	0.875	0	0.875
9	-0.444444444444444	0.555555555555556	-0.666666666666667	0.555555555555556	0.111111111111111	0.777777777777778	0.111111111111111	0.888888888888889	0.111111111111111	0.888888888888889	0.111111111111111	0.888888888888889
10	-0.5	0.4	-0.6	0.6	0.2	0.8	0.1	0.9	0.2	0.8	0.1	0.9
11	-0.454545454545455	0.363636363636364	-0.545454545454546	0.545454545454545	0.181818181818182	0.818181818181818	0.0909090909090909	0.909090909090909	0.181818181818182	0.818181818181818	0.0909090909090909	0.909090909090909
12	-0.416666666666667	0.416666666666667	-0.5	0.5	0.166666666666667	0.833333333333333	0.166666666666667	0.833333333333333	0.166666666666667	0.75	0.0833333333333333	0.833333333333333
13	-0.384615384615385	0.384615384615385	-0.538461538461538	0.538461538461538	0.230769230769231	0.769230769230769	0.0769230769230769	0.846153846153846	0.230769230769231	0.769230769230769	0.153846153846154	0.846153846153846
14	-0.357142857142857	0.428571428571429	-0.571428571428571	0.5	0.214285714285714	0.785714285714286	0.142857142857143	0.857142857142857	0.214285714285714	0.785714285714286	0.142857142857143	0.857142857142857
15	-0.4	0.4	-0.533333333333333	0.466666666666667	0.2	0.733333333333333	0.133333333333333	0.866666666666667	0.2	0.8	0.133333333333333	0.866666666666667
16	-0.375	0.4375	-0.5	0.4375	0.25	0.75	0.1875	0.875	0.25	0.75	0.1875	0.8125
17	-0.352941176470588	0.411764705882353	-0.470588235294118	0.529411764705882	0.235294117647059	0.764705882352941	0.117647058823529	0.823529411764706	0.235294117647059	0.764705882352941	0.117647058823529	0.823529411764706
18	-0.388888888888889	0.388888888888889	-0.5	0.5	0.277777777777778	0.722222222222222	0.166666666666667	0.833333333333333	0.222222222222222	0.777777777777778	0.166666666666667	0.833333333333333
19	-0.368421052631579	0.368421052631579	-0.526315789473684	0.473684210526316	0.210526315789474	0.736842105263158	0.157894736842105	0.842105263157895	0.263157894736842	0.736842105263158	0.210526315789474	0.842105263157895
20	-0.35	0.35	-0.45	0.45	0.25	0.75	0.2	0.8	0.25	0.75	0.15	0.8
21	-0.333333333333333	0.333333333333333	-0.476190476190476	0.428571428571429	0.238095238095238	0.761904761904762	0.19047619047619	0.80952380952381	0.238095238095238	0.714285714285714	0.238095238095238	0.80952380952381
22	-0.363636363636364	0.363636363636364	-0.5	0.409090909090909	0.272727272727273	0.727272727272727	0.181818181818182	0.818181818181818	0.272727272727273	0.727272727272727	0.181818181818182	0.818181818181818
23	-0.347826086956522	0.304347826086957	-0.478260869565217	0.434782608695652	0.260869565217391	0.739130434782609	0.217391304347826	0.782608695652174	0.260869565217391	0.739130434782609	0.217391304347826	0.826086956521739
24	-0.375	0.333333333333333	-0.458333333333333	0.458333333333333	0.291666666666667	0.75	0.208333333333333	0.791666666666667	0.25	0.708333333333333	0.208333333333333	0.791666666666667
25	-0.36	0.32	-0.44	0.4	0.24	0.72	0.2	0.84	0.28	0.72	0.2	0.8
26	-0.307692307692308	0.307692307692308	-0.384615384615385	0.423076923076923	0.269230769230769	0.730769230769231	0.230769230769231	0.807692307692308	0.269230769230769	0.730769230769231	0.192307692307692	0.769230769230769
27	-0.296296296296296	0.296296296296296	-0.444444444444444	0.407407407407407	0.259259259259259	0.703703703703704	0.185185185185185	0.777777777777778	0.296296296296296	0.703703703703704	0.222222222222222	0.777777777777778
28	-0.321428571428571	0.285714285714286	-0.428571428571429	0.392857142857143	0.285714285714286	0.714285714285714	0.214285714285714	0.785714285714286	0.285714285714286	0.714285714285714	0.214285714285714	0.785714285714286
29	-0.310344827586207	0.310344827586207	-0.413793103448276	0.379310344827586	0.275862068965517	0.724137931034483	0.206896551724138	0.793103448275862	0.275862068965517	0.724137931034483	0.241379310344828	0.793103448275862
30	-0.3	0.3	-0.433333333333333	0.366666666666667	0.266666666666667	0.733333333333333	0.233333333333333	0.8	0.3	0.7	0.233333333333333	0.766666666666667
31	-0.290322580645161	0.290322580645161	-0.387096774193548	0.387096774193548	0.290322580645161	0.709677419354839	0.258064516129032	0.741935483870968	0.290322580645161	0.709677419354839	0.258064516129032	0.741935483870968
32	-0.3125	0.3125	-0.375	0.40625	0.3125	0.71875	0.21875	0.75	0.28125	0.71875	0.21875	0.75
33	-0.333333333333333	0.303030303030303	-0.424242424242424	0.424242424242424	0.303030303030303	0.696969696969697	0.242424242424242	0.787878787878788	0.303030303030303	0.727272727272727	0.242424242424242	0.757575757575758
34	-0.294117647058824	0.294117647058824	-0.441176470588235	0.411764705882353	0.294117647058824	0.705882352941177	0.205882352941176	0.764705882352941	0.294117647058824	0.705882352941177	0.205882352941176	0.794117647058823
35	-0.257142857142857	0.285714285714286	-0.371428571428571	0.371428571428571	0.285714285714286	0.685714285714286	0.228571428571429	0.742857142857143	0.285714285714286	0.714285714285714	0.228571428571429	0.742857142857143
36	-0.305555555555556	0.277777777777778	-0.416666666666667	0.388888888888889	0.305555555555556	0.694444444444444	0.222222222222222	0.75	0.305555555555556	0.694444444444444	0.222222222222222	0.777777777777778
37	-0.297297297297297	0.27027027027027	-0.432432432432432	0.378378378378378	0.297297297297297	0.702702702702703	0.243243243243243	0.72972972972973	0.297297297297297	0.675675675675676	0.243243243243243	0.756756756756757
38	-0.263157894736842	0.263157894736842	-0.368421052631579	0.315789473684211	0.289473684210526	0.684210526315789	0.236842105263158	0.763157894736842	0.315789473684211	0.684210526315789	0.263157894736842	0.736842105263158
39	-0.307692307692308	0.282051282051282	-0.384615384615385	0.358974358974359	0.307692307692308	0.692307692307692	0.230769230769231	0.769230769230769	0.307692307692308	0.692307692307692	0.230769230769231	0.769230769230769
40	-0.275	0.275	-0.375	0.35	0.3	0.7	0.25	0.75	0.3	0.675	0.25	0.75
41	-0.292682926829268	0.268292682926829	-0.365853658536585	0.341463414634146	0.317073170731707	0.682926829268293	0.24390243902439	0.75609756097561	0.292682926829268	0.707317073170732	0.268292682926829	0.75609756097561
42	-0.261904761904762	0.261904761904762	-0.333333333333333	0.333333333333333	0.285714285714286	0.69047619047619	0.238095238095238	0.738095238095238	0.30952380952381	0.69047619047619	0.261904761904762	0.738095238095238
43	-0.27906976744186	0.255813953488372	-0.348837209302326	0.348837209302326	0.325581395348837	0.697674418604651	0.255813953488372	0.744186046511628	0.27906976744186	0.697674418604651	0.232558139534884	0.744186046511628
44	-0.295454545454545	0.272727272727273	-0.363636363636364	0.363636363636364	0.295454545454545	0.704545454545455	0.25	0.75	0.318181818181818	0.681818181818182	0.25	0.75
45	-0.266666666666667	0.266666666666667	-0.355555555555556	0.355555555555556	0.311111111111111	0.711111111111111	0.266666666666667	0.755555555555556	0.311111111111111	0.688888888888889	0.244444444444444	0.733333333333333
46	-0.260869565217391	0.282608695652174	-0.347826086956522	0.347826086956522	0.304347826086957	0.695652173913043	0.260869565217391	0.739130434782609	0.304347826086957	0.673913043478261	0.260869565217391	0.760869565217391
47	-0.276595744680851	0.25531914893617	-0.340425531914894	0.340425531914894	0.319148936170213	0.680851063829787	0.25531914893617	0.74468085106383	0.319148936170213	0.680851063829787	0.276595744680851	0.74468085106383
48	-0.270833333333333	0.270833333333333	-0.333333333333333	0.354166666666667	0.3125	0.6875	0.25	0.770833333333333	0.3125	0.6875	0.270833333333333	0.75
49	-0.26530612244898	0.26530612244898	-0.346938775510204	0.346938775510204	0.326530612244898	0.673469387755102	0.244897959183673	0.714285714285714	0.306122448979592	0.693877551020408	0.244897959183673	0.73469387755102
50	-0.26	0.24	-0.34	0.32	0.32	0.68	0.24	0.76	0.32	0.7	0.26	0.74
51	-0.254901960784314	0.274509803921569	-0.372549019607843	0.333333333333333	0.313725490196078	0.686274509803922	0.254901960784314	0.764705882352941	0.313725490196078	0.686274509803922	0.274509803921569	0.725490196078431
52	-0.230769230769231	0.230769230769231	-0.365384615384615	0.326923076923077	0.326923076923077	0.673076923076923	0.269230769230769	0.730769230769231	0.307692307692308	0.673076923076923	0.269230769230769	0.730769230769231
53	-0.264150943396226	0.264150943396226	-0.358490566037736	0.320754716981132	0.320754716981132	0.69811320754717	0.264150943396226	0.735849056603774	0.320754716981132	0.69811320754717	0.264150943396226	0.754716981132076
54	-0.259259259259259	0.259259259259259	-0.333333333333333	0.333333333333333	0.314814814814815	0.685185185185185	0.259259259259259	0.740740740740741	0.314814814814815	0.685185185185185	0.259259259259259	0.722222222222222
55	-0.254545454545455	0.272727272727273	-0.309090909090909	0.327272727272727	0.327272727272727	0.690909090909091	0.290909090909091	0.745454545454545	0.309090909090909	0.690909090909091	0.254545454545455	0.727272727272727
56	-0.25	0.25	-0.321428571428571	0.357142857142857	0.321428571428571	0.678571428571429	0.285714285714286	0.732142857142857	0.339285714285714	0.696428571428571	0.25	0.75
57	-0.245614035087719	0.263157894736842	-0.350877192982456	0.350877192982456	0.315789473684211	0.666666666666667	0.245614035087719	0.719298245614035	0.315789473684211	0.684210526315789	0.228070175438596	0.736842105263158
58	-0.275862068965517	0.241379310344828	-0.379310344827586	0.327586206896552	0.310344827586207	0.672413793103448	0.241379310344828	0.724137931034483	0.327586206896552	0.672413793103448	0.258620689655172	0.724137931034483
59	-0.254237288135593	0.271186440677966	-0.355932203389831	0.389830508474576	0.322033898305085	0.677966101694915	0.288135593220339	0.728813559322034	0.322033898305085	0.677966101694915	0.23728813559322	0.728813559322034
60	-0.25	0.25	-0.316666666666667	0.333333333333333	0.333333333333333	0.666666666666667	0.266666666666667	0.716666666666667	0.333333333333333	0.666666666666667	0.283333333333333	0.716666666666667
61	-0.245901639344262	0.245901639344262	-0.327868852459016	0.311475409836066	0.327868852459016	0.672131147540984	0.262295081967213	0.737704918032787	0.327868852459016	0.655737704918033	0.295081967213115	0.688524590163934
62	-0.241935483870968	0.274193548387097	-0.32258064516129	0.338709677419355	0.338709677419355	0.67741935483871	0.274193548387097	0.741935483870968	0.32258064516129	0.67741935483871	0.274193548387097	0.709677419354839
63	-0.253968253968254	0.253968253968254	-0.317460317460317	0.301587301587302	0.317460317460317	0.666666666666667	0.26984126984127	0.73015873015873	0.333333333333333	0.666666666666667	0.26984126984127	0.714285714285714
64	-0.25	0.25	-0.328125	0.34375	0.328125	0.671875	0.28125	0.71875	0.328125	0.671875	0.265625	0.734375
65	-0.261538461538461	0.261538461538461	-0.323076923076923	0.323076923076923	0.323076923076923	0.661538461538462	0.261538461538462	0.723076923076923	0.323076923076923	0.676923076923077	0.292307692307692	0.707692307692308
66	-0.242424242424242	0.227272727272727	-0.318181818181818	0.348484848484848	0.333333333333333	0.666666666666667	0.257575757575758	0.712121212121212	0.333333333333333	0.666666666666667	0.287878787878788	0.727272727272727
67	-0.238805970149254	0.253731343283582	-0.328358208955224	0.328358208955224	0.328358208955224	0.686567164179104	0.283582089552239	0.716417910447761	0.328358208955224	0.671641791044776	0.253731343283582	0.73134328358209
68	-0.235294117647059	0.25	-0.338235294117647	0.323529411764706	0.338235294117647	0.661764705882353	0.279411764705882	0.735294117647059	0.323529411764706	0.676470588235294	0.279411764705882	0.720588235294118
69	-0.231884057971015	0.231884057971014	-0.304347826086957	0.347826086956522	0.333333333333333	0.666666666666667	0.289855072463768	0.72463768115942	0.318840579710145	0.666666666666667	0.27536231884058	0.710144927536232
70	-0.242857142857143	0.257142857142857	-0.3	0.3	0.342857142857143	0.671428571428571	0.3	0.714285714285714	0.328571428571429	0.671428571428571	0.285714285714286	0.714285714285714
71	-0.23943661971831	0.225352112676056	-0.323943661971831	0.295774647887324	0.323943661971831	0.676056338028169	0.267605633802817	0.732394366197183	0.338028169014085	0.661971830985915	0.267605633802817	0.704225352112676
72	-0.25	0.222222222222222	-0.319444444444444	0.291666666666667	0.319444444444444	0.666666666666667	0.263888888888889	0.722222222222222	0.347222222222222	0.666666666666667	0.291666666666667	0.722222222222222
73	-0.232876712328767	0.232876712328767	-0.342465753424658	0.287671232876712	0.328767123287671	0.657534246575342	0.273972602739726	0.698630136986301	0.328767123287671	0.657534246575342	0.287671232876712	0.698630136986301
74	-0.22972972972973	0.243243243243243	-0.310810810810811	0.283783783783784	0.351351351351351	0.662162162162162	0.297297297297297	0.702702702702703	0.351351351351351	0.662162162162162	0.310810810810811	0.716216216216216
75	-0.24	0.253333333333333	-0.306666666666667	0.333333333333333	0.333333333333333	0.666666666666667	0.266666666666667	0.733333333333333	0.333333333333333	0.666666666666667	0.266666666666667	0.706666666666667
76	-0.223684210526316	0.25	-0.302631578947368	0.328947368421053	0.328947368421053	0.657894736842105	0.289473684210526	0.723684210526316	0.315789473684211	0.671052631578947	0.276315789473684	0.710526315789474
77	-0.220779220779221	0.233766233766234	-0.311688311688312	0.298701298701299	0.350649350649351	0.662337662337662	0.272727272727273	0.701298701298701	0.337662337662338	0.649350649350649	0.285714285714286	0.688311688311688
78	-0.230769230769231	0.230769230769231	-0.294871794871795	0.307692307692308	0.333333333333333	0.653846153846154	0.282051282051282	0.705128205128205	0.333333333333333	0.67948717948718	0.282051282051282	0.717948717948718
79	-0.227848101265823	0.227848101265823	-0.291139240506329	0.316455696202532	0.329113924050633	0.658227848101266	0.265822784810127	0.708860759493671	0.341772151898734	0.670886075949367	0.265822784810127	0.708860759493671
80	-0.25	0.225	-0.325	0.2875	0.3375	0.6625	0.3	0.7125	0.3375	0.6625	0.3125	0.7125
81	-0.234567901234568	0.234567901234568	-0.283950617283951	0.296296296296296	0.345679012345679	0.654320987654321	0.271604938271605	0.703703703703704	0.333333333333333	0.666666666666667	0.271604938271605	0.716049382716049
82	-0.231707317073171	0.219512195121951	-0.353658536585366	0.292682926829268	0.353658536585366	0.646341463414634	0.304878048780488	0.707317073170732	0.341463414634146	0.670731707317073	0.280487804878049	0.719512195121951
83	-0.253012048192771	0.228915662650602	-0.385542168674699	0.289156626506024	0.325301204819277	0.662650602409639	0.27710843373494	0.698795180722892	0.337349397590361	0.662650602409639	0.27710843373494	0.72289156626506
84	-0.214285714285714	0.214285714285714	-0.285714285714286	0.30952380952381	0.345238095238095	0.666666666666667	0.285714285714286	0.69047619047619	0.333333333333333	0.654761904761905	0.273809523809524	0.726190476190476
85	-0.223529411764706	0.235294117647059	-0.305882352941176	0.305882352941176	0.341176470588235	0.658823529411765	0.294117647058824	0.729411764705882	0.341176470588235	0.658823529411765	0.282352941176471	0.705882352941177
86	-0.232558139534884	0.232558139534884	-0.302325581395349	0.267441860465116	0.337209302325581	0.662790697674419	0.290697674418605	0.697674418604651	0.325581395348837	0.662790697674419	0.290697674418605	0.709302325581395
87	-0.218390804597701	0.229885057471264	-0.28735632183908	0.275862068965517	0.333333333333333	0.655172413793103	0.28735632183908	0.701149425287356	0.333333333333333	0.666666666666667	0.298850574712644	0.724137931034483
88	-0.227272727272727	0.215909090909091	-0.306818181818182	0.306818181818182	0.329545454545455	0.659090909090909	0.284090909090909	0.704545454545455	0.340909090909091	0.659090909090909	0.295454545454545	0.704545454545455
89	-0.224719101123595	0.224719101123595	-0.303370786516854	0.292134831460674	0.337078651685393	0.662921348314607	0.303370786516854	0.685393258426966	0.359550561797753	0.662921348314607	0.314606741573034	0.707865168539326
90	-0.222222222222222	0.211111111111111	-0.333333333333333	0.255555555555556	0.333333333333333	0.655555555555556	0.3	0.7	0.344444444444444	0.666666666666667	0.3	0.711111111111111
91	-0.21978021978022	0.21978021978022	-0.285714285714286	0.263736263736264	0.340659340659341	0.659340659340659	0.285714285714286	0.703296703296703	0.32967032967033	0.67032967032967	0.285714285714286	0.703296703296703
92	-0.217391304347826	0.217391304347826	-0.347826086956522	0.271739130434783	0.347826086956522	0.652173913043478	0.293478260869565	0.706521739130435	0.347826086956522	0.652173913043478	0.271739130434783	0.717391304347826
93	-0.236559139784946	0.247311827956989	-0.301075268817204	0.311827956989247	0.354838709677419	0.67741935483871	0.301075268817204	0.720430107526882	0.333333333333333	0.666666666666667	0.290322580645161	0.720430107526882
94	-0.223404255319149	0.223404255319149	-0.276595744680851	0.287234042553191	0.340425531914894	0.659574468085106	0.297872340425532	0.734042553191489	0.351063829787234	0.670212765957447	0.308510638297872	0.723404255319149
95	-0.221052631578947	0.231578947368421	-0.28421052631579	0.305263157894737	0.347368421052632	0.652631578947368	0.294736842105263	0.705263157894737	0.336842105263158	0.652631578947368	0.294736842105263	0.694736842105263
96	-0.239583333333333	0.197916666666667	-0.291666666666667	0.260416666666667	0.333333333333333	0.645833333333333	0.28125	0.6875	0.34375	0.65625	0.291666666666667	0.6875
97	-0.237113402061856	0.216494845360825	-0.268041237113402	0.288659793814433	0.34020618556701	0.65979381443299	0.278350515463918	0.711340206185567	0.350515463917526	0.649484536082474	0.288659793814433	0.690721649484536
98	-0.214285714285714	0.224489795918367	-0.295918367346939	0.285714285714286	0.346938775510204	0.653061224489796	0.295918367346939	0.704081632653061	0.336734693877551	0.663265306122449	0.285714285714286	0.714285714285714
99	-0.222222222222222	0.202020202020202	-0.282828282828283	0.282828282828283	0.343434343434343	0.656565656565657	0.282828282828283	0.707070707070707	0.353535353535354	0.656565656565657	0.282828282828283	0.696969696969697
100	-0.21	0.23	-0.34	0.28	0.35	0.65	0.29	0.7	0.34	0.66	0.31	0.7
101	-0.227722772277228	0.217821782178218	-0.316831683168317	0.306930693069307	0.346534653465347	0.653465346534653	0.306930693069307	0.683168316831683	0.346534653465347	0.663366336633663	0.316831683168317	0.702970297029703
102	-0.225490196078431	0.225490196078431	-0.303921568627451	0.274509803921569	0.343137254901961	0.656862745098039	0.303921568627451	0.696078431372549	0.352941176470588	0.647058823529412	0.303921568627451	0.705882352941177
103	-0.223300970873786	0.233009708737864	-0.300970873786408	0.310679611650485	0.339805825242718	0.660194174757282	0.300970873786408	0.70873786407767	0.339805825242718	0.660194174757282	0.29126213592233	0.689320388349515
104	-0.221153846153846	0.221153846153846	-0.298076923076923	0.269230769230769	0.346153846153846	0.644230769230769	0.269230769230769	0.701923076923077	0.336538461538462	0.653846153846154	0.278846153846154	0.692307692307692
105	-0.20952380952381	0.238095238095238	-0.285714285714286	0.314285714285714	0.342857142857143	0.657142857142857	0.295238095238095	0.723809523809524	0.333333333333333	0.657142857142857	0.295238095238095	0.695238095238095
106	-0.216981132075472	0.216981132075472	-0.30188679245283	0.283018867924528	0.339622641509434	0.660377358490566	0.30188679245283	0.688679245283019	0.339622641509434	0.650943396226415	0.292452830188679	0.688679245283019
107	-0.233644859813084	0.224299065420561	-0.327102803738318	0.280373831775701	0.336448598130841	0.654205607476635	0.289719626168224	0.691588785046729	0.336448598130841	0.663551401869159	0.280373831775701	0.710280373831776
108	-0.240740740740741	0.212962962962963	-0.287037037037037	0.296296296296296	0.342592592592593	0.666666666666667	0.296296296296296	0.712962962962963	0.351851851851852	0.657407407407407	0.296296296296296	0.694444444444444
109	-0.201834862385321	0.229357798165138	-0.293577981651376	0.275229357798165	0.348623853211009	0.669724770642202	0.284403669724771	0.706422018348624	0.348623853211009	0.651376146788991	0.284403669724771	0.688073394495413
110	-0.209090909090909	0.227272727272727	-0.309090909090909	0.3	0.345454545454545	0.654545454545455	0.3	0.7	0.336363636363636	0.654545454545455	0.272727272727273	0.709090909090909
111	-0.207207207207207	0.207207207207207	-0.279279279279279	0.27027027027027	0.333333333333333	0.648648648648649	0.288288288288288	0.702702702702703	0.342342342342342	0.657657657657658	0.315315315315315	0.711711711711712
112	-0.241071428571429	0.223214285714286	-0.3125	0.267857142857143	0.339285714285714	0.660714285714286	0.276785714285714	0.714285714285714	0.339285714285714	0.660714285714286	0.294642857142857	0.714285714285714
113	-0.212389380530973	0.221238938053097	-0.300884955752212	0.283185840707965	0.336283185840708	0.663716814159292	0.292035398230089	0.707964601769911	0.345132743362832	0.654867256637168	0.309734513274336	0.68141592920354
114	-0.228070175438596	0.219298245614035	-0.289473684210526	0.289473684210526	0.342105263157895	0.657894736842105	0.280701754385965	0.701754385964912	0.342105263157895	0.640350877192982	0.289473684210526	0.684210526315789
115	-0.217391304347826	0.208695652173913	-0.295652173913043	0.28695652173913	0.347826086956522	0.660869565217391	0.295652173913043	0.71304347826087	0.339130434782609	0.652173913043478	0.295652173913043	0.695652173913043
116	-0.206896551724138	0.224137931034483	-0.318965517241379	0.293103448275862	0.344827586206897	0.655172413793103	0.28448275862069	0.71551724137931	0.327586206896552	0.655172413793103	0.293103448275862	0.706896551724138
117	-0.222222222222222	0.196581196581197	-0.282051282051282	0.273504273504274	0.341880341880342	0.64957264957265	0.299145299145299	0.692307692307692	0.341880341880342	0.658119658119658	0.307692307692308	0.692307692307692
118	-0.220338983050847	0.211864406779661	-0.288135593220339	0.322033898305085	0.338983050847458	0.652542372881356	0.313559322033898	0.694915254237288	0.347457627118644	0.635593220338983	0.271186440677966	0.694915254237288
119	-0.226890756302521	0.226890756302521	-0.302521008403361	0.294117647058824	0.336134453781513	0.65546218487395	0.285714285714286	0.705882352941177	0.336134453781513	0.647058823529412	0.277310924369748	0.705882352941177
120	-0.216666666666667	0.216666666666667	-0.3	0.291666666666667	0.341666666666667	0.65	0.3	0.683333333333333	0.35	0.658333333333333	0.275	0.675
121	-0.223140495867769	0.206611570247934	-0.28099173553719	0.28099173553719	0.347107438016529	0.644628099173554	0.322314049586777	0.685950413223141	0.347107438016529	0.652892561983471	0.289256198347107	0.694214876033058
122	-0.221311475409836	0.213114754098361	-0.311475409836066	0.278688524590164	0.344262295081967	0.655737704918033	0.295081967213115	0.69672131147541	0.352459016393443	0.663934426229508	0.30327868852459	0.69672131147541
123	-0.211382113821138	0.211382113821138	-0.300813008130081	0.276422764227642	0.341463414634146	0.650406504065041	0.300813008130081	0.691056910569106	0.365853658536585	0.666666666666667	0.308943089430894	0.691056910569106
124	-0.217741935483871	0.217741935483871	-0.282258064516129	0.274193548387097	0.346774193548387	0.661290322580645	0.306451612903226	0.693548387096774	0.338709677419355	0.653225806451613	0.282258064516129	0.701612903225806
125	-0.232	0.208	-0.304	0.272	0.352	0.648	0.32	0.696	0.344	0.656	0.296	0.688
126	-0.214285714285714	0.222222222222222	-0.285714285714286	0.277777777777778	0.349206349206349	0.650793650793651	0.317460317460317	0.698412698412698	0.341269841269841	0.642857142857143	0.30952380952381	0.682539682539683
127	-0.204724409448819	0.21259842519685	-0.291338582677165	0.267716535433071	0.346456692913386	0.637795275590551	0.299212598425197	0.700787401574803	0.338582677165354	0.645669291338583	0.299212598425197	0.68503937007874
128	-0.2109375	0.2109375	-0.25	0.265625	0.34375	0.640625	0.3046875	0.6796875	0.3515625	0.6484375	0.3125	0.6953125
129	-0.224806201550388	0.193798449612403	-0.310077519379845	0.271317829457364	0.348837209302326	0.643410852713178	0.310077519379845	0.682170542635659	0.356589147286822	0.651162790697674	0.310077519379845	0.705426356589147
130	-0.215384615384615	0.223076923076923	-0.307692307692308	0.269230769230769	0.346153846153846	0.646153846153846	0.315384615384615	0.684615384615385	0.353846153846154	0.646153846153846	0.292307692307692	0.715384615384615
131	-0.213740458015267	0.206106870229008	-0.282442748091603	0.274809160305344	0.343511450381679	0.641221374045801	0.297709923664122	0.702290076335878	0.358778625954198	0.656488549618321	0.305343511450382	0.687022900763359
132	-0.212121212121212	0.227272727272727	-0.318181818181818	0.28030303030303	0.340909090909091	0.659090909090909	0.295454545454545	0.696969696969697	0.348484848484849	0.651515151515151	0.287878787878788	0.689393939393939
133	-0.218045112781955	0.203007518796993	-0.278195488721805	0.278195488721805	0.353383458646617	0.639097744360902	0.315789473684211	0.676691729323308	0.360902255639098	0.646616541353383	0.308270676691729	0.684210526315789
134	-0.208955223880597	0.208955223880597	-0.26865671641791	0.305970149253731	0.365671641791045	0.649253731343284	0.291044776119403	0.701492537313433	0.343283582089552	0.641791044776119	0.298507462686567	0.694029850746269
135	-0.207407407407407	0.207407407407407	-0.288888888888889	0.266666666666667	0.355555555555556	0.644444444444444	0.311111111111111	0.703703703703704	0.355555555555556	0.637037037037037	0.303703703703704	0.674074074074074
136	-0.220588235294118	0.213235294117647	-0.301470588235294	0.242647058823529	0.338235294117647	0.639705882352941	0.308823529411765	0.683823529411765	0.345588235294118	0.654411764705882	0.308823529411765	0.698529411764706
137	-0.226277372262774	0.211678832116788	-0.328467153284672	0.284671532846715	0.343065693430657	0.64963503649635	0.299270072992701	0.686131386861314	0.364963503649635	0.642335766423358	0.321167883211679	0.686131386861314
138	-0.202898550724638	0.202898550724638	-0.282608695652174	0.268115942028985	0.355072463768116	0.63768115942029	0.311594202898551	0.695652173913043	0.347826086956522	0.63768115942029	0.297101449275362	0.695652173913043
139	-0.20863309352518	0.215827338129496	-0.251798561151079	0.280575539568345	0.345323741007194	0.654676258992806	0.287769784172662	0.726618705035971	0.352517985611511	0.647482014388489	0.323741007194245	0.697841726618705
140	-0.2	0.207142857142857	-0.271428571428571	0.278571428571429	0.35	0.657142857142857	0.292857142857143	0.692857142857143	0.357142857142857	0.642857142857143	0.307142857142857	0.685714285714286
141	-0.219858156028369	0.205673758865248	-0.276595744680851	0.290780141843972	0.347517730496454	0.645390070921986	0.312056737588652	0.687943262411348	0.361702127659574	0.659574468085106	0.326241134751773	0.695035460992908
142	-0.211267605633803	0.190140845070423	-0.28169014084507	0.274647887323944	0.345070422535211	0.647887323943662	0.302816901408451	0.690140845070423	0.345070422535211	0.640845070422535	0.295774647887324	0.683098591549296
143	-0.20979020979021	0.202797202797203	-0.251748251748252	0.258741258741259	0.356643356643357	0.643356643356643	0.328671328671329	0.685314685314685	0.356643356643357	0.643356643356643	0.314685314685315	0.692307692307692
144	-0.222222222222222	0.222222222222222	-0.277777777777778	0.298611111111111	0.354166666666667	0.638888888888889	0.319444444444444	0.673611111111111	0.340277777777778	0.652777777777778	0.291666666666667	0.694444444444444
145	-0.213793103448276	0.206896551724138	-0.255172413793103	0.296551724137931	0.351724137931034	0.641379310344828	0.303448275862069	0.689655172413793	0.351724137931034	0.641379310344828	0.289655172413793	0.696551724137931
146	-0.205479452054795	0.205479452054794	-0.287671232876712	0.26027397260274	0.356164383561644	0.643835616438356	0.301369863013699	0.678082191780822	0.356164383561644	0.636986301369863	0.308219178082192	0.684931506849315
147	-0.217687074829932	0.217687074829932	-0.306122448979592	0.285714285714286	0.353741496598639	0.653061224489796	0.319727891156463	0.707482993197279	0.340136054421769	0.639455782312925	0.292517006802721	0.687074829931973
148	-0.209459459459459	0.209459459459459	-0.277027027027027	0.243243243243243	0.358108108108108	0.635135135135135	0.310810810810811	0.682432432432432	0.358108108108108	0.648648648648649	0.317567567567568	0.675675675675676
149	-0.208053691275168	0.208053691275168	-0.275167785234899	0.275167785234899	0.355704697986577	0.657718120805369	0.322147651006711	0.691275167785235	0.355704697986577	0.657718120805369	0.322147651006711	0.704697986577181
150	-0.193333333333333	0.22	-0.273333333333333	0.28	0.346666666666667	0.64	0.306666666666667	0.693333333333333	0.36	0.633333333333333	0.306666666666667	0.68
151	-0.205298013245033	0.211920529801325	-0.264900662251656	0.28476821192053	0.357615894039735	0.642384105960265	0.291390728476821	0.701986754966887	0.357615894039735	0.642384105960265	0.298013245033113	0.682119205298013
152	-0.210526315789474	0.197368421052632	-0.269736842105263	0.263157894736842	0.348684210526316	0.638157894736842	0.302631578947368	0.677631578947368	0.348684210526316	0.651315789473684	0.309210526315789	0.690789473684211
153	-0.209150326797386	0.228758169934641	-0.261437908496732	0.287581699346405	0.352941176470588	0.647058823529412	0.300653594771242	0.69281045751634	0.34640522875817	0.647058823529412	0.300653594771242	0.699346405228758
154	-0.201298701298701	0.227272727272727	-0.279220779220779	0.272727272727273	0.357142857142857	0.649350649350649	0.305194805194805	0.688311688311688	0.350649350649351	0.636363636363636	0.298701298701299	0.675324675324675
155	-0.206451612903226	0.2	-0.270967741935484	0.238709677419355	0.348387096774194	0.645161290322581	0.303225806451613	0.683870967741935	0.348387096774194	0.651612903225806	0.303225806451613	0.690322580645161
156	-0.211538461538462	0.205128205128205	-0.275641025641026	0.262820512820513	0.352564102564103	0.634615384615385	0.288461538461538	0.685897435897436	0.346153846153846	0.647435897435897	0.301282051282051	0.67948717948718
157	-0.21656050955414	0.21656050955414	-0.286624203821656	0.261146496815287	0.343949044585987	0.64968152866242	0.286624203821656	0.707006369426752	0.35031847133758	0.636942675159236	0.299363057324841	0.67515923566879
158	-0.20253164556962	0.20253164556962	-0.265822784810127	0.272151898734177	0.354430379746835	0.639240506329114	0.30379746835443	0.69620253164557	0.360759493670886	0.645569620253165	0.322784810126582	0.683544303797468
159	-0.194968553459119	0.19496855345912	-0.245283018867924	0.264150943396226	0.358490566037736	0.647798742138365	0.308176100628931	0.685534591194969	0.358490566037736	0.647798742138365	0.308176100628931	0.679245283018868
160	-0.2125	0.1875	-0.28125	0.23125	0.35	0.6375	0.30625	0.7	0.3625	0.64375	0.30625	0.68125
161	-0.211180124223602	0.198757763975155	-0.260869565217391	0.254658385093168	0.360248447204969	0.658385093167702	0.31055900621118	0.677018633540373	0.354037267080745	0.652173913043478	0.31055900621118	0.677018633540373
162	-0.209876543209877	0.203703703703704	-0.283950617283951	0.259259259259259	0.358024691358025	0.648148148148148	0.308641975308642	0.691358024691358	0.358024691358025	0.648148148148148	0.314814814814815	0.691358024691358
163	-0.190184049079755	0.220858895705522	-0.257668711656442	0.288343558282209	0.349693251533742	0.638036809815951	0.300613496932515	0.680981595092024	0.343558282208589	0.650306748466258	0.294478527607362	0.680981595092024
164	-0.207317073170732	0.207317073170732	-0.286585365853659	0.286585365853659	0.353658536585366	0.640243902439024	0.304878048780488	0.682926829268293	0.347560975609756	0.640243902439024	0.304878048780488	0.689024390243902
165	-0.23030303030303	0.212121212121212	-0.309090909090909	0.272727272727273	0.351515151515152	0.642424242424242	0.296969696969697	0.672727272727273	0.345454545454545	0.654545454545455	0.296969696969697	0.696969696969697
166	-0.22289156626506	0.204819277108434	-0.289156626506024	0.246987951807229	0.349397590361446	0.626506024096386	0.301204819277108	0.662650602409639	0.355421686746988	0.650602409638554	0.313253012048193	0.686746987951807
167	-0.203592814371257	0.209580838323353	-0.25748502994012	0.245508982035928	0.359281437125749	0.640718562874252	0.305389221556886	0.688622754491018	0.359281437125749	0.652694610778443	0.305389221556886	0.688622754491018
168	-0.208333333333333	0.214285714285714	-0.279761904761905	0.279761904761905	0.351190476190476	0.636904761904762	0.297619047619048	0.68452380952381	0.351190476190476	0.654761904761905	0.31547619047619	0.69047619047619
169	-0.218934911242604	0.183431952662722	-0.272189349112426	0.248520710059172	0.355029585798817	0.63905325443787	0.307692307692308	0.668639053254438	0.36094674556213	0.627218934911243	0.319526627218935	0.680473372781065
170	-0.2	0.217647058823529	-0.270588235294118	0.282352941176471	0.347058823529412	0.635294117647059	0.294117647058824	0.664705882352941	0.352941176470588	0.629411764705882	0.3	0.670588235294118
171	-0.210526315789474	0.187134502923977	-0.263157894736842	0.257309941520468	0.362573099415205	0.637426900584795	0.321637426900585	0.684210526315789	0.35672514619883	0.637426900584795	0.309941520467836	0.672514619883041
172	-0.197674418604651	0.209302325581395	-0.308139534883721	0.244186046511628	0.348837209302326	0.63953488372093	0.313953488372093	0.686046511627907	0.354651162790698	0.645348837209302	0.313953488372093	0.686046511627907
173	-0.202312138728324	0.219653179190752	-0.248554913294798	0.289017341040462	0.352601156069364	0.653179190751445	0.312138728323699	0.69364161849711	0.346820809248555	0.635838150289017	0.30635838150289	0.664739884393064
174	-0.195402298850575	0.189655172413793	-0.293103448275862	0.270114942528736	0.350574712643678	0.64367816091954	0.310344827586207	0.695402298850575	0.344827586206897	0.649425287356322	0.310344827586207	0.695402298850575
175	-0.205714285714286	0.211428571428571	-0.262857142857143	0.28	0.354285714285714	0.651428571428571	0.297142857142857	0.691428571428571	0.354285714285714	0.64	0.297142857142857	0.68
176	-0.210227272727273	0.193181818181818	-0.301136363636364	0.261363636363636	0.352272727272727	0.636363636363636	0.3125	0.670454545454545	0.357954545454545	0.647727272727273	0.306818181818182	0.698863636363636
177	-0.209039548022599	0.180790960451977	-0.271186440677966	0.248587570621469	0.350282485875706	0.627118644067797	0.31638418079096	0.666666666666667	0.355932203389831	0.644067796610169	0.322033898305085	0.68361581920904
178	-0.207865168539326	0.185393258426966	-0.269662921348315	0.241573033707865	0.359550561797753	0.634831460674157	0.320224719101124	0.679775280898876	0.359550561797753	0.646067415730337	0.325842696629214	0.696629213483146
179	-0.212290502793296	0.206703910614525	-0.262569832402235	0.279329608938547	0.357541899441341	0.636871508379888	0.324022346368715	0.675977653631285	0.335195530726257	0.642458100558659	0.284916201117318	0.670391061452514
180	-0.2	0.216666666666667	-0.261111111111111	0.261111111111111	0.361111111111111	0.644444444444444	0.311111111111111	0.677777777777778	0.355555555555556	0.638888888888889	0.322222222222222	0.677777777777778
181	-0.198895027624309	0.204419889502762	-0.281767955801105	0.265193370165746	0.353591160220994	0.646408839779006	0.30939226519337	0.685082872928177	0.359116022099448	0.629834254143646	0.320441988950276	0.679558011049724
182	-0.203296703296703	0.197802197802198	-0.269230769230769	0.258241758241758	0.346153846153846	0.637362637362637	0.302197802197802	0.681318681318681	0.357142857142857	0.648351648351648	0.335164835164835	0.686813186813187
183	-0.207650273224044	0.202185792349727	-0.273224043715847	0.245901639344262	0.360655737704918	0.639344262295082	0.306010928961749	0.683060109289617	0.355191256830601	0.650273224043716	0.316939890710383	0.688524590163934
184	-0.206521739130435	0.21195652173913	-0.266304347826087	0.255434782608696	0.347826086956522	0.641304347826087	0.320652173913043	0.668478260869565	0.358695652173913	0.641304347826087	0.320652173913043	0.684782608695652
185	-0.189189189189189	0.210810810810811	-0.237837837837838	0.27027027027027	0.367567567567568	0.643243243243243	0.324324324324324	0.691891891891892	0.367567567567568	0.637837837837838	0.313513513513514	0.664864864864865
186	-0.204301075268817	0.198924731182796	-0.28494623655914	0.263440860215054	0.360215053763441	0.634408602150538	0.306451612903226	0.67741935483871	0.354838709677419	0.650537634408602	0.317204301075269	0.688172043010753
187	-0.197860962566845	0.203208556149733	-0.272727272727273	0.25668449197861	0.352941176470588	0.641711229946524	0.315508021390374	0.679144385026738	0.347593582887701	0.641711229946524	0.315508021390374	0.689839572192513
188	-0.202127659574468	0.202127659574468	-0.281914893617021	0.287234042553191	0.351063829787234	0.638297872340426	0.308510638297872	0.680851063829787	0.361702127659574	0.648936170212766	0.319148936170213	0.696808510638298
189	-0.201058201058201	0.201058201058201	-0.259259259259259	0.26984126984127	0.35978835978836	0.634920634920635	0.317460317460317	0.698412698412698	0.365079365079365	0.64021164021164	0.306878306878307	0.687830687830688
190	-0.2	0.194736842105263	-0.305263157894737	0.231578947368421	0.357894736842105	0.647368421052632	0.321052631578947	0.689473684210526	0.357894736842105	0.657894736842105	0.321052631578947	0.689473684210526
191	-0.204188481675393	0.204188481675393	-0.282722513089005	0.298429319371728	0.350785340314136	0.638743455497382	0.31413612565445	0.675392670157068	0.350785340314136	0.638743455497382	0.31413612565445	0.68586387434555
192	-0.1875	0.21875	-0.255208333333333	0.260416666666667	0.364583333333333	0.65625	0.322916666666667	0.692708333333333	0.364583333333333	0.630208333333333	0.3125	0.65625
193	-0.191709844559585	0.207253886010363	-0.248704663212435	0.269430051813472	0.352331606217617	0.637305699481865	0.295336787564767	0.678756476683938	0.352331606217617	0.632124352331606	0.310880829015544	0.678756476683938
194	-0.201030927835052	0.201030927835051	-0.268041237113402	0.262886597938144	0.371134020618557	0.639175257731959	0.329896907216495	0.685567010309278	0.355670103092784	0.639175257731959	0.319587628865979	0.680412371134021
195	-0.18974358974359	0.18974358974359	-0.251282051282051	0.230769230769231	0.364102564102564	0.635897435897436	0.312820512820513	0.676923076923077	0.353846153846154	0.641025641025641	0.292307692307692	0.682051282051282
196	-0.214285714285714	0.198979591836735	-0.275510204081633	0.260204081632653	0.341836734693878	0.642857142857143	0.301020408163265	0.683673469387755	0.352040816326531	0.642857142857143	0.316326530612245	0.678571428571429
197	-0.192893401015228	0.213197969543147	-0.243654822335025	0.269035532994924	0.370558375634518	0.644670050761421	0.34010152284264	0.695431472081218	0.34010152284264	0.649746192893401	0.304568527918782	0.680203045685279
198	-0.191919191919192	0.222222222222222	-0.252525252525253	0.262626262626263	0.353535353535354	0.646464646464647	0.297979797979798	0.686868686868687	0.353535353535354	0.636363636363636	0.308080808080808	0.671717171717172
199	-0.201005025125628	0.201005025125628	-0.241206030150754	0.241206030150754	0.361809045226131	0.633165829145729	0.321608040201005	0.663316582914573	0.346733668341709	0.633165829145729	0.296482412060302	0.663316582914573
200	-0.195	0.2	-0.275	0.26	0.365	0.64	0.32	0.7	0.36	0.64	0.29	0.675
201	-0.228855721393035	0.199004975124378	-0.288557213930348	0.243781094527363	0.353233830845771	0.641791044776119	0.298507462686567	0.671641791044776	0.368159203980099	0.63681592039801	0.313432835820896	0.691542288557214
202	-0.193069306930693	0.202970297029703	-0.257425742574257	0.262376237623762	0.361386138613861	0.643564356435644	0.306930693069307	0.683168316831683	0.351485148514851	0.628712871287129	0.306930693069307	0.683168316831683
203	-0.197044334975369	0.211822660098522	-0.25615763546798	0.246305418719212	0.359605911330049	0.650246305418719	0.310344827586207	0.689655172413793	0.354679802955665	0.640394088669951	0.315270935960591	0.679802955665025
204	-0.21078431372549	0.191176470588235	-0.25	0.269607843137255	0.357843137254902	0.642156862745098	0.318627450980392	0.67156862745098	0.367647058823529	0.642156862745098	0.323529411764706	0.686274509803922
205	-0.204878048780488	0.209756097560976	-0.258536585365854	0.248780487804878	0.360975609756098	0.648780487804878	0.307317073170732	0.682926829268293	0.35609756097561	0.64390243902439	0.321951219512195	0.697560975609756
206	-0.20873786407767	0.203883495145631	-0.252427184466019	0.257281553398058	0.359223300970874	0.645631067961165	0.320388349514563	0.689320388349515	0.354368932038835	0.640776699029126	0.315533980582524	0.669902912621359
207	-0.198067632850242	0.193236714975845	-0.27536231884058	0.265700483091787	0.352657004830918	0.642512077294686	0.294685990338164	0.681159420289855	0.36231884057971	0.647342995169082	0.323671497584541	0.676328502415459
208	-0.211538461538462	0.182692307692308	-0.274038461538462	0.240384615384615	0.360576923076923	0.629807692307692	0.307692307692308	0.677884615384615	0.360576923076923	0.653846153846154	0.326923076923077	0.692307692307692
209	-0.200956937799043	0.186602870813397	-0.263157894736842	0.263157894736842	0.363636363636364	0.631578947368421	0.325358851674641	0.674641148325359	0.354066985645933	0.645933014354067	0.315789473684211	0.688995215311005
210	-0.2	0.195238095238095	-0.257142857142857	0.242857142857143	0.352380952380952	0.638095238095238	0.314285714285714	0.69047619047619	0.352380952380952	0.647619047619048	0.295238095238095	0.69047619047619
211	-0.199052132701422	0.184834123222749	-0.255924170616114	0.241706161137441	0.355450236966825	0.649289099526066	0.317535545023697	0.696682464454976	0.360189573459716	0.635071090047393	0.322274881516588	0.66824644549763
212	-0.202830188679245	0.207547169811321	-0.264150943396226	0.245283018867925	0.358490566037736	0.64622641509434	0.30188679245283	0.679245283018868	0.358490566037736	0.632075471698113	0.325471698113208	0.665094339622642
213	-0.2018779342723	0.178403755868545	-0.291079812206573	0.253521126760563	0.356807511737089	0.63849765258216	0.309859154929577	0.68075117370892	0.36150234741784	0.63849765258216	0.314553990610329	0.685446009389671
214	-0.191588785046729	0.210280373831776	-0.252336448598131	0.275700934579439	0.364485981308411	0.649532710280374	0.331775700934579	0.668224299065421	0.35981308411215	0.635514018691589	0.322429906542056	0.663551401869159
215	-0.181395348837209	0.195348837209302	-0.265116279069767	0.27906976744186	0.358139534883721	0.637209302325581	0.311627906976744	0.683720930232558	0.367441860465116	0.637209302325581	0.306976744186047	0.669767441860465
216	-0.217592592592593	0.194444444444444	-0.273148148148148	0.25462962962963	0.351851851851852	0.62962962962963	0.314814814814815	0.662037037037037	0.356481481481481	0.648148148148148	0.319444444444444	0.694444444444444
217	-0.179723502304147	0.19815668202765	-0.23963133640553	0.267281105990783	0.36405529953917	0.640552995391705	0.327188940092166	0.682027649769585	0.36405529953917	0.640552995391705	0.32258064516129	0.663594470046083
218	-0.197247706422018	0.192660550458716	-0.243119266055046	0.275229357798165	0.362385321100917	0.642201834862385	0.307339449541284	0.68348623853211	0.36697247706422	0.637614678899083	0.330275229357798	0.674311926605505
219	-0.200913242009132	0.200913242009132	-0.255707762557078	0.287671232876712	0.356164383561644	0.63013698630137	0.324200913242009	0.675799086757991	0.356164383561644	0.625570776255708	0.305936073059361	0.671232876712329
220	-0.181818181818182	0.195454545454545	-0.236363636363636	0.231818181818182	0.354545454545455	0.645454545454546	0.313636363636364	0.681818181818182	0.359090909090909	0.636363636363636	0.313636363636364	0.668181818181818
221	-0.199095022624434	0.20814479638009	-0.276018099547511	0.266968325791855	0.361990950226244	0.642533936651584	0.321266968325792	0.687782805429864	0.357466063348416	0.633484162895928	0.316742081447964	0.687782805429864
222	-0.207207207207207	0.207207207207207	-0.247747747747748	0.279279279279279	0.364864864864865	0.635135135135135	0.310810810810811	0.675675675675676	0.351351351351351	0.644144144144144	0.310810810810811	0.689189189189189
223	-0.20627802690583	0.188340807174888	-0.282511210762332	0.246636771300448	0.37219730941704	0.62780269058296	0.318385650224215	0.650224215246637	0.36322869955157	0.641255605381166	0.322869955156951	0.672645739910314
224	-0.1875	0.191964285714286	-0.258928571428571	0.232142857142857	0.361607142857143	0.638392857142857	0.334821428571429	0.6875	0.357142857142857	0.633928571428571	0.316964285714286	0.669642857142857
225	-0.195555555555556	0.191111111111111	-0.266666666666667	0.244444444444444	0.351111111111111	0.635555555555556	0.32	0.693333333333333	0.355555555555556	0.644444444444444	0.328888888888889	0.684444444444444
226	-0.199115044247788	0.207964601769911	-0.269911504424779	0.265486725663717	0.36283185840708	0.63716814159292	0.31858407079646	0.676991150442478	0.349557522123894	0.654867256637168	0.305309734513274	0.690265486725664
227	-0.198237885462555	0.211453744493392	-0.273127753303965	0.26431718061674	0.365638766519824	0.643171806167401	0.295154185022026	0.682819383259912	0.365638766519824	0.638766519823789	0.299559471365639	0.682819383259912
228	-0.210526315789474	0.214912280701754	-0.271929824561404	0.289473684210526	0.350877192982456	0.653508771929825	0.307017543859649	0.701754385964912	0.359649122807018	0.644736842105263	0.298245614035088	0.684210526315789
229	-0.196506550218341	0.196506550218341	-0.279475982532751	0.262008733624454	0.362445414847162	0.633187772925764	0.310043668122271	0.681222707423581	0.37117903930131	0.637554585152838	0.327510917030568	0.676855895196507
230	-0.204347826086957	0.191304347826087	-0.252173913043478	0.243478260869565	0.356521739130435	0.630434782608696	0.3	0.656521739130435	0.369565217391304	0.634782608695652	0.326086956521739	0.691304347826087
231	-0.207792207792208	0.181818181818182	-0.255411255411255	0.225108225108225	0.359307359307359	0.627705627705628	0.311688311688312	0.658008658008658	0.363636363636364	0.645021645021645	0.316017316017316	0.675324675324675
232	-0.193965517241379	0.185344827586207	-0.275862068965517	0.237068965517241	0.353448275862069	0.633620689655172	0.314655172413793	0.655172413793103	0.366379310344828	0.633620689655172	0.323275862068966	0.676724137931034
233	-0.188841201716738	0.201716738197425	-0.236051502145923	0.261802575107296	0.360515021459227	0.63519313304721	0.317596566523605	0.678111587982833	0.360515021459227	0.630901287553648	0.321888412017167	0.678111587982833
234	-0.196581196581197	0.17948717948718	-0.277777777777778	0.260683760683761	0.354700854700855	0.636752136752137	0.316239316239316	0.666666666666667	0.367521367521368	0.632478632478632	0.307692307692308	0.670940170940171
235	-0.187234042553191	0.191489361702128	-0.242553191489362	0.25531914893617	0.370212765957447	0.638297872340426	0.323404255319149	0.680851063829787	0.353191489361702	0.634042553191489	0.302127659574468	0.672340425531915
236	-0.190677966101695	0.190677966101695	-0.271186440677966	0.266949152542373	0.372881355932203	0.635593220338983	0.322033898305085	0.661016949152542	0.364406779661017	0.639830508474576	0.313559322033898	0.682203389830508
237	-0.194092827004219	0.194092827004219	-0.257383966244726	0.265822784810127	0.367088607594937	0.632911392405063	0.320675105485232	0.662447257383966	0.358649789029536	0.628691983122363	0.312236286919831	0.666666666666667
238	-0.210084033613445	0.197478991596639	-0.302521008403361	0.256302521008403	0.365546218487395	0.634453781512605	0.310924369747899	0.668067226890756	0.361344537815126	0.638655462184874	0.302521008403361	0.684873949579832
239	-0.200836820083682	0.205020920502092	-0.242677824267782	0.238493723849372	0.359832635983264	0.635983263598326	0.317991631799163	0.673640167364017	0.359832635983264	0.644351464435146	0.322175732217573	0.682008368200837
240	-0.204166666666667	0.2	-0.2625	0.254166666666667	0.358333333333333	0.65	0.325	0.675	0.354166666666667	0.641666666666667	0.316666666666667	0.679166666666667
241	-0.190871369294606	0.186721991701245	-0.269709543568465	0.236514522821577	0.369294605809129	0.639004149377593	0.336099585062241	0.688796680497925	0.365145228215768	0.643153526970954	0.307053941908714	0.688796680497925
242	-0.206611570247934	0.185950413223141	-0.247933884297521	0.235537190082645	0.355371900826446	0.632231404958678	0.322314049586777	0.685950413223141	0.355371900826446	0.640495867768595	0.318181818181818	0.698347107438017
243	-0.205761316872428	0.181069958847737	-0.259259259259259	0.218106995884774	0.362139917695473	0.633744855967078	0.316872427983539	0.662551440329218	0.366255144032922	0.637860082304527	0.333333333333333	0.683127572016461
244	-0.200819672131148	0.184426229508197	-0.270491803278688	0.254098360655738	0.360655737704918	0.635245901639344	0.307377049180328	0.713114754098361	0.35655737704918	0.64344262295082	0.315573770491803	0.672131147540984
245	-0.195918367346939	0.204081632653061	-0.257142857142857	0.248979591836735	0.363265306122449	0.644897959183673	0.322448979591837	0.702040816326531	0.355102040816327	0.628571428571429	0.318367346938775	0.689795918367347
246	-0.195121951219512	0.199186991869919	-0.268292682926829	0.252032520325203	0.353658536585366	0.638211382113821	0.329268292682927	0.67479674796748	0.365853658536585	0.642276422764228	0.321138211382114	0.691056910569106
247	-0.182186234817814	0.198380566801619	-0.242914979757085	0.255060728744939	0.360323886639676	0.639676113360324	0.323886639676113	0.672064777327935	0.348178137651822	0.62753036437247	0.299595141700405	0.663967611336032
248	-0.213709677419355	0.201612903225806	-0.282258064516129	0.278225806451613	0.366935483870968	0.637096774193548	0.306451612903226	0.669354838709677	0.354838709677419	0.645161290322581	0.30241935483871	0.693548387096774
249	-0.192771084337349	0.184738955823293	-0.285140562248996	0.253012048192771	0.357429718875502	0.630522088353414	0.293172690763052	0.678714859437751	0.353413654618474	0.63855421686747	0.313253012048193	0.682730923694779
250	-0.196	0.204	-0.264	0.244	0.36	0.636	0.32	0.704	0.368	0.636	0.324	0.668
251	-0.199203187250996	0.195219123505976	-0.270916334661355	0.282868525896414	0.350597609561753	0.641434262948207	0.298804780876494	0.681274900398406	0.362549800796813	0.633466135458167	0.326693227091633	0.693227091633466
252	-0.202380952380952	0.206349206349206	-0.261904761904762	0.257936507936508	0.369047619047619	0.634920634920635	0.321428571428571	0.686507936507937	0.349206349206349	0.638888888888889	0.313492063492063	0.682539682539683
253	-0.193675889328063	0.197628458498024	-0.25296442687747	0.229249011857707	0.359683794466403	0.640316205533597	0.33596837944664	0.687747035573123	0.355731225296443	0.632411067193676	0.312252964426877	0.675889328063241
254	-0.21259842519685	0.200787401574803	-0.307086614173228	0.244094488188976	0.350393700787402	0.641732283464567	0.303149606299213	0.68503937007874	0.374015748031496	0.641732283464567	0.334645669291339	0.688976377952756
255	-0.196078431372549	0.203921568627451	-0.250980392156863	0.247058823529412	0.352941176470588	0.643137254901961	0.313725490196078	0.690196078431373	0.368627450980392	0.643137254901961	0.337254901960784	0.662745098039216
256	-0.1796875	0.1953125	-0.2421875	0.25	0.375	0.6328125	0.33984375	0.66796875	0.35546875	0.640625	0.3203125	0.67578125
257	-0.198443579766537	0.190661478599222	-0.260700389105058	0.24124513618677	0.373540856031128	0.638132295719844	0.319066147859922	0.684824902723735	0.357976653696498	0.642023346303502	0.315175097276265	0.673151750972763
258	-0.197674418604651	0.189922480620155	-0.275193798449612	0.25968992248062	0.356589147286822	0.63953488372093	0.302325581395349	0.689922480620155	0.364341085271318	0.631782945736434	0.317829457364341	0.670542635658915
259	-0.193050193050193	0.204633204633205	-0.262548262548263	0.235521235521236	0.366795366795367	0.633204633204633	0.305019305019305	0.656370656370656	0.359073359073359	0.640926640926641	0.308880308880309	0.671814671814672
260	-0.196153846153846	0.203846153846154	-0.234615384615385	0.238461538461538	0.361538461538462	0.642307692307692	0.323076923076923	0.684615384615385	0.361538461538462	0.634615384615385	0.319230769230769	0.688461538461538
261	-0.203065134099617	0.191570881226054	-0.264367816091954	0.260536398467433	0.363984674329502	0.647509578544061	0.318007662835249	0.685823754789272	0.371647509578544	0.636015325670498	0.325670498084291	0.681992337164751
262	-0.183206106870229	0.190839694656489	-0.251908396946565	0.263358778625954	0.370229007633588	0.641221374045801	0.347328244274809	0.66793893129771	0.362595419847328	0.641221374045801	0.324427480916031	0.67175572519084
263	-0.201520912547528	0.190114068441065	-0.262357414448669	0.262357414448669	0.361216730038023	0.638783269961977	0.304182509505703	0.67680608365019	0.357414448669202	0.64638783269962	0.32319391634981	0.67680608365019
264	-0.193181818181818	0.178030303030303	-0.246212121212121	0.276515151515151	0.356060606060606	0.640151515151515	0.314393939393939	0.685606060606061	0.363636363636364	0.632575757575758	0.321969696969697	0.670454545454545
265	-0.192452830188679	0.215094339622641	-0.252830188679245	0.283018867924528	0.362264150943396	0.645283018867924	0.30188679245283	0.683018867924528	0.362264150943396	0.637735849056604	0.309433962264151	0.667924528301887
266	-0.195488721804511	0.199248120300752	-0.263157894736842	0.25187969924812	0.360902255639098	0.646616541353383	0.319548872180451	0.676691729323308	0.360902255639098	0.639097744360902	0.319548872180451	0.672932330827068
267	-0.198501872659176	0.202247191011236	-0.262172284644195	0.292134831460674	0.355805243445693	0.647940074906367	0.325842696629214	0.681647940074906	0.355805243445693	0.640449438202247	0.314606741573034	0.681647940074906
268	-0.201492537313433	0.190298507462687	-0.264925373134328	0.242537313432836	0.361940298507463	0.634328358208955	0.302238805970149	0.682835820895522	0.365671641791045	0.634328358208955	0.317164179104478	0.671641791044776
269	-0.200743494423792	0.189591078066914	-0.263940520446097	0.245353159851301	0.360594795539033	0.631970260223048	0.319702602230483	0.676579925650558	0.356877323420074	0.631970260223048	0.323420074349442	0.672862453531598
270	-0.188888888888889	0.188888888888889	-0.281481481481481	0.248148148148148	0.362962962962963	0.633333333333333	0.303703703703704	0.677777777777778	0.366666666666667	0.633333333333333	0.325925925925926	0.666666666666667
271	-0.195571955719557	0.195571955719557	-0.284132841328413	0.265682656826568	0.350553505535055	0.627306273062731	0.29520295202952	0.664206642066421	0.361623616236162	0.638376383763838	0.309963099630996	0.675276752767528
272	-0.202205882352941	0.1875	-0.268382352941177	0.235294117647059	0.349264705882353	0.628676470588235	0.316176470588235	0.665441176470588	0.356617647058824	0.636029411764706	0.3125	0.669117647058823
273	-0.197802197802198	0.197802197802198	-0.267399267399267	0.289377289377289	0.362637362637363	0.644688644688645	0.333333333333333	0.695970695970696	0.355311355311355	0.633699633699634	0.311355311355311	0.663003663003663
274	-0.197080291970803	0.208029197080292	-0.262773722627737	0.248175182481752	0.372262773722628	0.635036496350365	0.313868613138686	0.667883211678832	0.357664233576642	0.635036496350365	0.313868613138686	0.697080291970803
275	-0.185454545454545	0.196363636363636	-0.24	0.254545454545455	0.36	0.632727272727273	0.323636363636364	0.672727272727273	0.356363636363636	0.632727272727273	0.316363636363636	0.669090909090909
276	-0.213768115942029	0.202898550724638	-0.257246376811594	0.27536231884058	0.355072463768116	0.644927536231884	0.315217391304348	0.684782608695652	0.358695652173913	0.630434782608696	0.311594202898551	0.673913043478261
277	-0.202166064981949	0.180505415162455	-0.267148014440433	0.241877256317689	0.36101083032491	0.631768953068592	0.303249097472924	0.664259927797834	0.364620938628159	0.646209386281588	0.332129963898917	0.685920577617328
278	-0.190647482014389	0.18705035971223	-0.244604316546763	0.248201438848921	0.366906474820144	0.636690647482014	0.345323741007194	0.694244604316547	0.370503597122302	0.633093525179856	0.320143884892086	0.672661870503597
279	-0.189964157706093	0.193548387096774	-0.261648745519713	0.243727598566308	0.362007168458781	0.6415770609319	0.326164874551971	0.688172043010753	0.369175627240143	0.637992831541219	0.336917562724014	0.670250896057348
280	-0.203571428571429	0.2	-0.267857142857143	0.271428571428571	0.353571428571429	0.639285714285714	0.310714285714286	0.685714285714286	0.364285714285714	0.635714285714286	0.325	0.675
281	-0.188612099644128	0.202846975088968	-0.252669039145907	0.252669039145907	0.359430604982206	0.640569395017794	0.334519572953737	0.679715302491103	0.355871886120996	0.633451957295374	0.298932384341637	0.669039145907473
282	-0.195035460992908	0.177304964539007	-0.24822695035461	0.24822695035461	0.358156028368794	0.634751773049645	0.308510638297872	0.673758865248227	0.361702127659574	0.638297872340426	0.319148936170213	0.677304964539007
283	-0.197879858657244	0.183745583038869	-0.240282685512367	0.240282685512367	0.367491166077739	0.639575971731449	0.325088339222615	0.664310954063604	0.363957597173145	0.636042402826855	0.31095406360424	0.685512367491166
284	-0.190140845070423	0.211267605633803	-0.246478873239437	0.274647887323944	0.362676056338028	0.637323943661972	0.302816901408451	0.683098591549296	0.355633802816901	0.633802816901408	0.306338028169014	0.665492957746479
285	-0.196491228070175	0.185964912280702	-0.280701754385965	0.235087719298246	0.354385964912281	0.642105263157895	0.312280701754386	0.67719298245614	0.368421052631579	0.645614035087719	0.340350877192982	0.684210526315789
286	-0.202797202797203	0.206293706293706	-0.283216783216783	0.244755244755245	0.36013986013986	0.65034965034965	0.332167832167832	0.671328671328671	0.370629370629371	0.629370629370629	0.325174825174825	0.671328671328671
287	-0.198606271777003	0.191637630662021	-0.261324041811847	0.275261324041812	0.355400696864112	0.637630662020906	0.317073170731707	0.672473867595819	0.362369337979094	0.637630662020906	0.327526132404181	0.665505226480836
288	-0.190972222222222	0.194444444444444	-0.246527777777778	0.263888888888889	0.371527777777778	0.628472222222222	0.326388888888889	0.673611111111111	0.357638888888889	0.628472222222222	0.305555555555556	0.659722222222222
289	-0.200692041522491	0.197231833910035	-0.242214532871972	0.256055363321799	0.363321799307958	0.633217993079585	0.314878892733564	0.667820069204152	0.363321799307958	0.636678200692042	0.321799307958477	0.681660899653979
290	-0.179310344827586	0.189655172413793	-0.237931034482759	0.262068965517241	0.368965517241379	0.637931034482759	0.320689655172414	0.682758620689655	0.355172413793103	0.637931034482759	0.324137931034483	0.675862068965517
291	-0.192439862542955	0.18213058419244	-0.257731958762887	0.233676975945017	0.36426116838488	0.632302405498282	0.312714776632302	0.680412371134021	0.378006872852234	0.632302405498282	0.329896907216495	0.676975945017182
292	-0.195205479452055	0.198630136986301	-0.253424657534247	0.246575342465753	0.363013698630137	0.636986301369863	0.328767123287671	0.688356164383562	0.36986301369863	0.64041095890411	0.321917808219178	0.678082191780822
293	-0.197952218430034	0.194539249146758	-0.255972696245734	0.245733788395904	0.351535836177474	0.651877133105802	0.310580204778157	0.68259385665529	0.368600682593857	0.638225255972696	0.327645051194539	0.679180887372014
294	-0.187074829931973	0.19047619047619	-0.258503401360544	0.251700680272109	0.36734693877551	0.63265306122449	0.32312925170068	0.673469387755102	0.363945578231293	0.639455782312925	0.312925170068027	0.670068027210884
295	-0.193220338983051	0.189830508474576	-0.261016949152542	0.244067796610169	0.366101694915254	0.63728813559322	0.305084745762712	0.671186440677966	0.36271186440678	0.630508474576271	0.322033898305085	0.671186440677966
296	-0.185810810810811	0.206081081081081	-0.25	0.260135135135135	0.375	0.628378378378378	0.307432432432432	0.658783783783784	0.361486486486487	0.638513513513513	0.327702702702703	0.668918918918919
297	-0.178451178451178	0.181818181818182	-0.239057239057239	0.242424242424242	0.36026936026936	0.643097643097643	0.323232323232323	0.673400673400673	0.367003367003367	0.636363636363636	0.333333333333333	0.673400673400673
298	-0.201342281879195	0.177852348993289	-0.26510067114094	0.231543624161074	0.355704697986577	0.624161073825503	0.315436241610738	0.657718120805369	0.369127516778524	0.634228187919463	0.332214765100671	0.684563758389262
299	-0.183946488294314	0.187290969899665	-0.247491638795987	0.230769230769231	0.367892976588629	0.638795986622074	0.344481605351171	0.678929765886288	0.364548494983278	0.632107023411371	0.317725752508361	0.665551839464883
300	-0.183333333333333	0.19	-0.276666666666667	0.236666666666667	0.363333333333333	0.633333333333333	0.29	0.673333333333333	0.366666666666667	0.636666666666667	0.323333333333333	0.663333333333333
