DEPTH	P_L_95	P_H_95	P_L_99	P_H_99	P_L_95_A	P_H_95_A	P_L_99_A	P_H_99_A	P_L_95_B	P_H_95_B	P_L_99_B	P_H_99_B
1	-1	1	-1	1	0	1	0	1	0	1	0	1
2	-1	1	-1	1	0	1	0	1	0	1	0	1
3	-0.666666666666667	0.666666666666667	-1	1	0	1	0	1	0	1	0	1
4	-0.75	0.75	-0.75	0.75	0	1	0	1	0	1	0	1
5	-0.6	0.6	-0.8	0.8	0.2	1	0	1	0	1	0	1
6	-0.5	0.5	-0.666666666666667	0.666666666666667	0	0.833333333333333	0	1	0.166666666666667	0.833333333333333	0	1
7	-0.571428571428571	0.571428571428571	-0.714285714285714	0.714285714285714	0.142857142857143	0.857142857142857	0	1	0.142857142857143	0.857142857142857	0	1
8	-0.5	0.5	-0.75	0.625	0.125	0.875	0.125	0.875	0.125	0.875	0	1
9	-0.444444444444444	0.444444444444444	-0.555555555555556	0.555555555555556	0.111111111111111	0.777777777777778	0.111111111111111	0.888888888888889	0.111111111111111	0.888888888888889	0	0.888888888888889
10	-0.5	0.5	-0.5	0.6	0.2	0.8	0.1	0.9	0.2	0.8	0.1	0.9
11	-0.454545454545455	0.454545454545455	-0.636363636363636	0.545454545454546	0.181818181818182	0.818181818181818	0.0909090909090909	0.909090909090909	0.181818181818182	0.818181818181818	0.0909090909090909	0.909090909090909
12	-0.416666666666667	0.416666666666667	-0.583333333333333	0.583333333333333	0.166666666666667	0.833333333333333	0.166666666666667	0.916666666666667	0.166666666666667	0.75	0.0833333333333333	0.916666666666667
13	-0.384615384615385	0.461538461538462	-0.538461538461539	0.615384615384615	0.230769230769231	0.846153846153846	0.0769230769230769	0.846153846153846	0.153846153846154	0.769230769230769	0.0769230769230769	0.923076923076923
14	-0.428571428571429	0.428571428571429	-0.5	0.5	0.214285714285714	0.785714285714286	0.142857142857143	0.857142857142857	0.214285714285714	0.785714285714286	0.142857142857143	0.857142857142857
15	-0.4	0.4	-0.466666666666667	0.466666666666667	0.2	0.8	0.133333333333333	0.866666666666667	0.266666666666667	0.733333333333333	0.133333333333333	0.866666666666667
16	-0.375	0.375	-0.5	0.4375	0.25	0.75	0.1875	0.8125	0.25	0.75	0.1875	0.8125
17	-0.411764705882353	0.352941176470588	-0.529411764705882	0.470588235294118	0.235294117647059	0.764705882352941	0.117647058823529	0.823529411764706	0.235294117647059	0.764705882352941	0.176470588235294	0.823529411764706
18	-0.388888888888889	0.388888888888889	-0.444444444444444	0.5	0.222222222222222	0.722222222222222	0.222222222222222	0.888888888888889	0.222222222222222	0.777777777777778	0.166666666666667	0.833333333333333
19	-0.368421052631579	0.368421052631579	-0.473684210526316	0.473684210526316	0.263157894736842	0.736842105263158	0.210526315789474	0.842105263157895	0.263157894736842	0.736842105263158	0.157894736842105	0.789473684210526
20	-0.35	0.35	-0.45	0.45	0.25	0.75	0.2	0.85	0.25	0.75	0.2	0.85
21	-0.333333333333333	0.333333333333333	-0.428571428571429	0.428571428571429	0.238095238095238	0.761904761904762	0.19047619047619	0.857142857142857	0.238095238095238	0.761904761904762	0.19047619047619	0.761904761904762
22	-0.318181818181818	0.318181818181818	-0.409090909090909	0.454545454545455	0.272727272727273	0.727272727272727	0.181818181818182	0.772727272727273	0.272727272727273	0.727272727272727	0.181818181818182	0.772727272727273
23	-0.347826086956522	0.304347826086957	-0.434782608695652	0.391304347826087	0.260869565217391	0.739130434782609	0.217391304347826	0.782608695652174	0.260869565217391	0.739130434782609	0.217391304347826	0.782608695652174
24	-0.333333333333333	0.333333333333333	-0.458333333333333	0.458333333333333	0.25	0.708333333333333	0.208333333333333	0.791666666666667	0.25	0.708333333333333	0.208333333333333	0.791666666666667
25	-0.32	0.32	-0.4	0.4	0.28	0.72	0.24	0.76	0.28	0.72	0.2	0.8
26	-0.307692307692308	0.307692307692308	-0.384615384615385	0.423076923076923	0.269230769230769	0.730769230769231	0.192307692307692	0.769230769230769	0.269230769230769	0.730769230769231	0.230769230769231	0.807692307692308
27	-0.333333333333333	0.296296296296296	-0.407407407407407	0.407407407407407	0.259259259259259	0.740740740740741	0.222222222222222	0.777777777777778	0.259259259259259	0.740740740740741	0.185185185185185	0.777777777777778
28	-0.321428571428571	0.321428571428571	-0.428571428571429	0.392857142857143	0.285714285714286	0.714285714285714	0.214285714285714	0.785714285714286	0.285714285714286	0.714285714285714	0.214285714285714	0.785714285714286
29	-0.344827586206897	0.344827586206896	-0.448275862068966	0.448275862068966	0.241379310344828	0.724137931034483	0.206896551724138	0.793103448275862	0.275862068965517	0.724137931034483	0.241379310344828	0.793103448275862
30	-0.3	0.266666666666667	-0.4	0.4	0.266666666666667	0.7	0.2	0.733333333333333	0.3	0.7	0.233333333333333	0.766666666666667
31	-0.290322580645161	0.290322580645161	-0.419354838709677	0.354838709677419	0.290322580645161	0.709677419354839	0.225806451612903	0.741935483870968	0.290322580645161	0.709677419354839	0.225806451612903	0.774193548387097
32	-0.3125	0.3125	-0.40625	0.375	0.28125	0.71875	0.25	0.75	0.3125	0.6875	0.25	0.78125
33	-0.303030303030303	0.272727272727273	-0.393939393939394	0.424242424242424	0.303030303030303	0.696969696969697	0.242424242424242	0.757575757575758	0.303030303030303	0.727272727272727	0.212121212121212	0.757575757575758
34	-0.294117647058824	0.294117647058824	-0.382352941176471	0.352941176470588	0.294117647058824	0.705882352941177	0.235294117647059	0.735294117647059	0.294117647058824	0.705882352941177	0.205882352941176	0.794117647058823
35	-0.285714285714286	0.285714285714286	-0.371428571428571	0.4	0.314285714285714	0.685714285714286	0.228571428571429	0.771428571428571	0.314285714285714	0.685714285714286	0.257142857142857	0.742857142857143
36	-0.305555555555556	0.305555555555556	-0.361111111111111	0.361111111111111	0.305555555555556	0.694444444444444	0.25	0.75	0.305555555555556	0.694444444444444	0.222222222222222	0.75
37	-0.27027027027027	0.297297297297297	-0.351351351351351	0.351351351351351	0.297297297297297	0.702702702702703	0.216216216216216	0.756756756756757	0.297297297297297	0.702702702702703	0.243243243243243	0.756756756756757
38	-0.263157894736842	0.315789473684211	-0.368421052631579	0.394736842105263	0.315789473684211	0.710526315789474	0.263157894736842	0.763157894736842	0.289473684210526	0.684210526315789	0.236842105263158	0.763157894736842
39	-0.282051282051282	0.282051282051282	-0.384615384615385	0.358974358974359	0.307692307692308	0.692307692307692	0.230769230769231	0.794871794871795	0.307692307692308	0.692307692307692	0.256410256410256	0.743589743589744
40	-0.275	0.3	-0.375	0.375	0.3	0.7	0.225	0.75	0.3	0.7	0.25	0.75
41	-0.268292682926829	0.268292682926829	-0.341463414634146	0.341463414634146	0.292682926829268	0.682926829268293	0.24390243902439	0.75609756097561	0.292682926829268	0.707317073170732	0.24390243902439	0.75609756097561
42	-0.261904761904762	0.285714285714286	-0.333333333333333	0.404761904761905	0.30952380952381	0.69047619047619	0.261904761904762	0.738095238095238	0.30952380952381	0.69047619047619	0.261904761904762	0.738095238095238
43	-0.27906976744186	0.255813953488372	-0.348837209302326	0.348837209302326	0.302325581395349	0.697674418604651	0.27906976744186	0.744186046511628	0.325581395348837	0.697674418604651	0.255813953488372	0.720930232558139
44	-0.25	0.272727272727273	-0.318181818181818	0.363636363636364	0.295454545454545	0.681818181818182	0.272727272727273	0.75	0.318181818181818	0.681818181818182	0.25	0.75
45	-0.244444444444444	0.266666666666667	-0.355555555555556	0.355555555555556	0.333333333333333	0.688888888888889	0.266666666666667	0.733333333333333	0.311111111111111	0.666666666666667	0.244444444444444	0.733333333333333
46	-0.260869565217391	0.260869565217391	-0.326086956521739	0.347826086956522	0.326086956521739	0.695652173913043	0.260869565217391	0.739130434782609	0.326086956521739	0.673913043478261	0.217391304347826	0.739130434782609
47	-0.25531914893617	0.276595744680851	-0.340425531914894	0.361702127659574	0.319148936170213	0.702127659574468	0.25531914893617	0.765957446808511	0.319148936170213	0.702127659574468	0.25531914893617	0.74468085106383
48	-0.291666666666667	0.25	-0.375	0.3125	0.3125	0.6875	0.25	0.729166666666667	0.3125	0.6875	0.25	0.729166666666667
49	-0.26530612244898	0.26530612244898	-0.326530612244898	0.326530612244898	0.326530612244898	0.693877551020408	0.244897959183673	0.714285714285714	0.306122448979592	0.673469387755102	0.244897959183673	0.73469387755102
50	-0.24	0.26	-0.34	0.38	0.34	0.68	0.28	0.72	0.32	0.68	0.26	0.74
51	-0.274509803921569	0.254901960784314	-0.352941176470588	0.313725490196078	0.313725490196078	0.686274509803922	0.274509803921569	0.745098039215686	0.313725490196078	0.686274509803922	0.254901960784314	0.725490196078431
52	-0.25	0.25	-0.346153846153846	0.326923076923077	0.307692307692308	0.673076923076923	0.269230769230769	0.711538461538462	0.326923076923077	0.673076923076923	0.269230769230769	0.730769230769231
53	-0.245283018867925	0.264150943396226	-0.30188679245283	0.339622641509434	0.320754716981132	0.69811320754717	0.264150943396226	0.735849056603774	0.320754716981132	0.679245283018868	0.264150943396226	0.716981132075472
54	-0.259259259259259	0.240740740740741	-0.333333333333333	0.333333333333333	0.333333333333333	0.685185185185185	0.259259259259259	0.740740740740741	0.333333333333333	0.666666666666667	0.259259259259259	0.722222222222222
55	-0.254545454545455	0.254545454545455	-0.309090909090909	0.327272727272727	0.327272727272727	0.690909090909091	0.272727272727273	0.727272727272727	0.309090909090909	0.672727272727273	0.254545454545455	0.709090909090909
56	-0.267857142857143	0.267857142857143	-0.339285714285714	0.339285714285714	0.339285714285714	0.678571428571429	0.267857142857143	0.732142857142857	0.321428571428571	0.678571428571429	0.25	0.732142857142857
57	-0.245614035087719	0.245614035087719	-0.333333333333333	0.315789473684211	0.333333333333333	0.684210526315789	0.280701754385965	0.719298245614035	0.315789473684211	0.684210526315789	0.280701754385965	0.719298245614035
58	-0.241379310344828	0.241379310344828	-0.293103448275862	0.293103448275862	0.327586206896552	0.672413793103448	0.275862068965517	0.724137931034483	0.344827586206897	0.655172413793103	0.275862068965517	0.724137931034483
59	-0.23728813559322	0.23728813559322	-0.322033898305085	0.305084745762712	0.338983050847458	0.677966101694915	0.288135593220339	0.711864406779661	0.338983050847458	0.677966101694915	0.271186440677966	0.745762711864407
60	-0.25	0.25	-0.316666666666667	0.333333333333333	0.333333333333333	0.683333333333333	0.266666666666667	0.733333333333333	0.333333333333333	0.683333333333333	0.283333333333333	0.716666666666667
61	-0.245901639344262	0.245901639344262	-0.344262295081967	0.311475409836066	0.327868852459016	0.672131147540984	0.262295081967213	0.721311475409836	0.327868852459016	0.672131147540984	0.229508196721311	0.721311475409836
62	-0.241935483870968	0.258064516129032	-0.32258064516129	0.338709677419355	0.32258064516129	0.67741935483871	0.241935483870968	0.725806451612903	0.32258064516129	0.67741935483871	0.274193548387097	0.709677419354839
63	-0.238095238095238	0.238095238095238	-0.285714285714286	0.317460317460317	0.333333333333333	0.682539682539683	0.285714285714286	0.714285714285714	0.333333333333333	0.682539682539683	0.26984126984127	0.714285714285714
64	-0.25	0.265625	-0.3125	0.34375	0.328125	0.671875	0.265625	0.75	0.328125	0.671875	0.28125	0.703125
65	-0.246153846153846	0.246153846153846	-0.307692307692308	0.307692307692308	0.338461538461538	0.676923076923077	0.261538461538462	0.738461538461539	0.338461538461538	0.646153846153846	0.276923076923077	0.707692307692308
66	-0.242424242424242	0.257575757575758	-0.318181818181818	0.303030303030303	0.333333333333333	0.666666666666667	0.287878787878788	0.727272727272727	0.318181818181818	0.666666666666667	0.272727272727273	0.712121212121212
67	-0.253731343283582	0.253731343283582	-0.313432835820896	0.328358208955224	0.328358208955224	0.671641791044776	0.283582089552239	0.73134328358209	0.328358208955224	0.656716417910448	0.253731343283582	0.701492537313433
68	-0.25	0.264705882352941	-0.382352941176471	0.352941176470588	0.323529411764706	0.661764705882353	0.279411764705882	0.705882352941177	0.323529411764706	0.676470588235294	0.235294117647059	0.720588235294118
69	-0.231884057971014	0.246376811594203	-0.304347826086957	0.304347826086957	0.333333333333333	0.666666666666667	0.289855072463768	0.710144927536232	0.333333333333333	0.666666666666667	0.27536231884058	0.710144927536232
70	-0.228571428571429	0.242857142857143	-0.3	0.3	0.328571428571429	0.671428571428571	0.3	0.728571428571429	0.328571428571429	0.657142857142857	0.285714285714286	0.728571428571429
71	-0.23943661971831	0.23943661971831	-0.338028169014085	0.295774647887324	0.323943661971831	0.661971830985915	0.253521126760563	0.71830985915493	0.323943661971831	0.661971830985915	0.28169014084507	0.690140845070423
72	-0.236111111111111	0.25	-0.291666666666667	0.305555555555556	0.333333333333333	0.666666666666667	0.291666666666667	0.722222222222222	0.333333333333333	0.666666666666667	0.277777777777778	0.736111111111111
73	-0.246575342465753	0.232876712328767	-0.328767123287671	0.301369863013699	0.342465753424658	0.657534246575342	0.287671232876712	0.712328767123288	0.328767123287671	0.671232876712329	0.287671232876712	0.726027397260274
74	-0.22972972972973	0.256756756756757	-0.297297297297297	0.337837837837838	0.337837837837838	0.662162162162162	0.283783783783784	0.72972972972973	0.324324324324324	0.662162162162162	0.283783783783784	0.702702702702703
75	-0.226666666666667	0.226666666666667	-0.32	0.28	0.346666666666667	0.666666666666667	0.293333333333333	0.706666666666667	0.333333333333333	0.666666666666667	0.306666666666667	0.72
76	-0.223684210526316	0.236842105263158	-0.276315789473684	0.302631578947368	0.328947368421053	0.671052631578947	0.289473684210526	0.710526315789474	0.328947368421053	0.657894736842105	0.289473684210526	0.710526315789474
77	-0.233766233766234	0.233766233766234	-0.311688311688312	0.337662337662338	0.350649350649351	0.675324675324675	0.298701298701299	0.714285714285714	0.337662337662338	0.662337662337662	0.285714285714286	0.714285714285714
78	-0.205128205128205	0.217948717948718	-0.307692307692308	0.256410256410256	0.333333333333333	0.666666666666667	0.294871794871795	0.692307692307692	0.346153846153846	0.641025641025641	0.294871794871795	0.692307692307692
79	-0.240506329113924	0.227848101265823	-0.291139240506329	0.329113924050633	0.329113924050633	0.670886075949367	0.278481012658228	0.734177215189873	0.341772151898734	0.670886075949367	0.291139240506329	0.721518987341772
80	-0.2375	0.2375	-0.2875	0.325	0.3375	0.6625	0.2875	0.725	0.325	0.6625	0.275	0.7
81	-0.234567901234568	0.246913580246914	-0.296296296296296	0.308641975308642	0.345679012345679	0.666666666666667	0.296296296296296	0.716049382716049	0.333333333333333	0.666666666666667	0.283950617283951	0.716049382716049
82	-0.219512195121951	0.24390243902439	-0.304878048780488	0.304878048780488	0.341463414634146	0.670731707317073	0.292682926829268	0.719512195121951	0.329268292682927	0.658536585365854	0.280487804878049	0.707317073170732
83	-0.216867469879518	0.253012048192771	-0.301204819277108	0.313253012048193	0.337349397590361	0.674698795180723	0.289156626506024	0.72289156626506	0.337349397590361	0.662650602409639	0.301204819277108	0.698795180722892
84	-0.238095238095238	0.226190476190476	-0.309523809523809	0.273809523809524	0.345238095238095	0.666666666666667	0.297619047619048	0.702380952380952	0.333333333333333	0.654761904761905	0.297619047619048	0.702380952380952
85	-0.223529411764706	0.223529411764706	-0.305882352941176	0.305882352941176	0.329411764705882	0.647058823529412	0.282352941176471	0.694117647058824	0.329411764705882	0.658823529411765	0.282352941176471	0.705882352941177
86	-0.232558139534884	0.232558139534884	-0.313953488372093	0.313953488372093	0.348837209302326	0.662790697674419	0.302325581395349	0.709302325581395	0.337209302325581	0.662790697674419	0.27906976744186	0.697674418604651
87	-0.229885057471264	0.241379310344828	-0.298850574712644	0.310344827586207	0.344827586206897	0.666666666666667	0.298850574712644	0.71264367816092	0.344827586206897	0.666666666666667	0.28735632183908	0.701149425287356
88	-0.215909090909091	0.227272727272727	-0.284090909090909	0.284090909090909	0.340909090909091	0.647727272727273	0.284090909090909	0.693181818181818	0.340909090909091	0.659090909090909	0.306818181818182	0.704545454545455
89	-0.224719101123595	0.224719101123595	-0.292134831460674	0.280898876404494	0.337078651685393	0.662921348314607	0.269662921348315	0.696629213483146	0.348314606741573	0.662921348314607	0.303370786516854	0.707865168539326
90	-0.211111111111111	0.211111111111111	-0.311111111111111	0.266666666666667	0.333333333333333	0.644444444444444	0.288888888888889	0.7	0.344444444444444	0.655555555555556	0.288888888888889	0.711111111111111
91	-0.208791208791209	0.21978021978022	-0.252747252747253	0.263736263736264	0.351648351648352	0.659340659340659	0.307692307692308	0.714285714285714	0.351648351648352	0.648351648351648	0.296703296703297	0.692307692307692
92	-0.228260869565217	0.206521739130435	-0.315217391304348	0.271739130434783	0.347826086956522	0.652173913043478	0.282608695652174	0.684782608695652	0.33695652173913	0.66304347826087	0.293478260869565	0.717391304347826
93	-0.21505376344086	0.225806451612903	-0.290322580645161	0.279569892473118	0.344086021505376	0.666666666666667	0.311827956989247	0.698924731182796	0.344086021505376	0.655913978494624	0.311827956989247	0.698924731182796
94	-0.223404255319149	0.212765957446809	-0.297872340425532	0.265957446808511	0.351063829787234	0.659574468085106	0.287234042553192	0.712765957446808	0.351063829787234	0.648936170212766	0.297872340425532	0.691489361702128
95	-0.210526315789474	0.210526315789474	-0.263157894736842	0.263157894736842	0.347368421052632	0.652631578947368	0.305263157894737	0.715789473684211	0.336842105263158	0.642105263157895	0.284210526315789	0.684210526315789
96	-0.229166666666667	0.21875	-0.302083333333333	0.28125	0.34375	0.65625	0.28125	0.6875	0.34375	0.65625	0.302083333333333	0.708333333333333
97	-0.216494845360825	0.22680412371134	-0.298969072164948	0.268041237113402	0.360824742268041	0.649484536082474	0.298969072164948	0.701030927835051	0.350515463917526	0.649484536082474	0.288659793814433	0.711340206185567
98	-0.214285714285714	0.23469387755102	-0.255102040816327	0.285714285714286	0.346938775510204	0.663265306122449	0.306122448979592	0.683673469387755	0.346938775510204	0.653061224489796	0.306122448979592	0.704081632653061
99	-0.232323232323232	0.222222222222222	-0.303030303030303	0.272727272727273	0.343434343434343	0.666666666666667	0.292929292929293	0.717171717171717	0.353535353535354	0.656565656565657	0.292929292929293	0.696969696969697
100	-0.23	0.22	-0.28	0.27	0.34	0.64	0.28	0.69	0.34	0.65	0.29	0.71
101	-0.217821782178218	0.217821782178218	-0.277227722772277	0.277227722772277	0.346534653465347	0.653465346534653	0.297029702970297	0.702970297029703	0.336633663366337	0.643564356435644	0.267326732673267	0.683168316831683
102	-0.215686274509804	0.215686274509804	-0.284313725490196	0.274509803921569	0.352941176470588	0.647058823529412	0.303921568627451	0.705882352941177	0.362745098039216	0.656862745098039	0.313725490196078	0.705882352941177
103	-0.203883495145631	0.213592233009709	-0.271844660194175	0.262135922330097	0.359223300970874	0.650485436893204	0.29126213592233	0.718446601941748	0.339805825242718	0.660194174757282	0.29126213592233	0.689320388349515
104	-0.221153846153846	0.221153846153846	-0.307692307692308	0.269230769230769	0.346153846153846	0.663461538461538	0.317307692307692	0.692307692307692	0.336538461538462	0.663461538461538	0.298076923076923	0.711538461538462
105	-0.228571428571429	0.2	-0.304761904761905	0.285714285714286	0.342857142857143	0.647619047619048	0.295238095238095	0.685714285714286	0.352380952380952	0.657142857142857	0.295238095238095	0.704761904761905
106	-0.216981132075472	0.226415094339623	-0.320754716981132	0.283018867924528	0.349056603773585	0.641509433962264	0.292452830188679	0.707547169811321	0.349056603773585	0.660377358490566	0.311320754716981	0.707547169811321
107	-0.224299065420561	0.214953271028037	-0.289719626168224	0.271028037383178	0.336448598130841	0.644859813084112	0.289719626168224	0.700934579439252	0.345794392523364	0.654205607476635	0.308411214953271	0.700934579439252
108	-0.222222222222222	0.222222222222222	-0.296296296296296	0.268518518518518	0.351851851851852	0.648148148148148	0.305555555555556	0.685185185185185	0.351851851851852	0.648148148148148	0.305555555555556	0.712962962962963
109	-0.229357798165138	0.220183486238532	-0.330275229357798	0.293577981651376	0.357798165137615	0.660550458715596	0.302752293577982	0.715596330275229	0.357798165137615	0.660550458715596	0.321100917431193	0.697247706422018
110	-0.209090909090909	0.209090909090909	-0.263636363636364	0.254545454545455	0.354545454545455	0.672727272727273	0.318181818181818	0.709090909090909	0.345454545454545	0.654545454545455	0.3	0.709090909090909
111	-0.198198198198198	0.216216216216216	-0.279279279279279	0.279279279279279	0.351351351351351	0.666666666666667	0.306306306306306	0.693693693693694	0.351351351351351	0.648648648648649	0.297297297297297	0.693693693693694
112	-0.232142857142857	0.223214285714286	-0.294642857142857	0.267857142857143	0.348214285714286	0.651785714285714	0.294642857142857	0.696428571428571	0.348214285714286	0.651785714285714	0.276785714285714	0.678571428571429
113	-0.20353982300885	0.221238938053097	-0.265486725663717	0.265486725663717	0.345132743362832	0.646017699115044	0.309734513274336	0.672566371681416	0.345132743362832	0.63716814159292	0.300884955752212	0.663716814159292
114	-0.219298245614035	0.201754385964912	-0.307017543859649	0.254385964912281	0.350877192982456	0.640350877192982	0.307017543859649	0.701754385964912	0.359649122807018	0.649122807017544	0.289473684210526	0.684210526315789
115	-0.191304347826087	0.208695652173913	-0.269565217391304	0.278260869565217	0.356521739130435	0.660869565217391	0.31304347826087	0.71304347826087	0.347826086956522	0.643478260869565	0.304347826086957	0.68695652173913
116	-0.224137931034483	0.21551724137931	-0.327586206896552	0.267241379310345	0.344827586206897	0.637931034482759	0.293103448275862	0.689655172413793	0.336206896551724	0.646551724137931	0.301724137931034	0.689655172413793
117	-0.222222222222222	0.213675213675214	-0.256410256410256	0.333333333333333	0.358974358974359	0.666666666666667	0.324786324786325	0.726495726495726	0.367521367521368	0.64957264957265	0.307692307692308	0.683760683760684
118	-0.220338983050847	0.211864406779661	-0.305084745762712	0.26271186440678	0.347457627118644	0.644067796610169	0.288135593220339	0.677966101694915	0.355932203389831	0.635593220338983	0.305084745762712	0.711864406779661
119	-0.226890756302521	0.218487394957983	-0.285714285714286	0.26890756302521	0.34453781512605	0.65546218487395	0.302521008403361	0.697478991596639	0.361344537815126	0.647058823529412	0.319327731092437	0.714285714285714
120	-0.233333333333333	0.2	-0.275	0.241666666666667	0.35	0.65	0.3	0.675	0.35	0.658333333333333	0.3	0.7
121	-0.223140495867769	0.214876033057851	-0.289256198347107	0.256198347107438	0.355371900826446	0.644628099173554	0.322314049586777	0.685950413223141	0.355371900826446	0.652892561983471	0.305785123966942	0.702479338842975
122	-0.204918032786885	0.221311475409836	-0.270491803278689	0.262295081967213	0.352459016393443	0.639344262295082	0.311475409836066	0.672131147540984	0.344262295081967	0.647540983606557	0.30327868852459	0.69672131147541
123	-0.203252032520325	0.203252032520325	-0.252032520325203	0.260162601626016	0.341463414634146	0.642276422764228	0.308943089430894	0.682926829268293	0.341463414634146	0.650406504065041	0.284552845528455	0.691056910569106
124	-0.209677419354839	0.209677419354839	-0.266129032258065	0.258064516129032	0.354838709677419	0.645161290322581	0.314516129032258	0.67741935483871	0.354838709677419	0.653225806451613	0.290322580645161	0.701612903225806
125	-0.216	0.224	-0.28	0.304	0.344	0.648	0.304	0.712	0.336	0.64	0.296	0.688
126	-0.214285714285714	0.206349206349206	-0.277777777777778	0.261904761904762	0.349206349206349	0.650793650793651	0.30952380952381	0.698412698412698	0.357142857142857	0.658730158730159	0.293650793650794	0.738095238095238
127	-0.21259842519685	0.220472440944882	-0.267716535433071	0.259842519685039	0.354330708661417	0.645669291338583	0.307086614173228	0.669291338582677	0.346456692913386	0.637795275590551	0.299212598425197	0.677165354330709
128	-0.203125	0.2109375	-0.2890625	0.265625	0.3671875	0.6640625	0.3203125	0.7109375	0.359375	0.6484375	0.296875	0.703125
129	-0.209302325581395	0.201550387596899	-0.271317829457364	0.255813953488372	0.356589147286822	0.651162790697674	0.310077519379845	0.689922480620155	0.364341085271318	0.651162790697674	0.310077519379845	0.689922480620155
130	-0.2	0.215384615384615	-0.261538461538462	0.292307692307692	0.361538461538462	0.646153846153846	0.315384615384615	0.7	0.353846153846154	0.653846153846154	0.292307692307692	0.676923076923077
131	-0.206106870229008	0.206106870229008	-0.290076335877863	0.267175572519084	0.351145038167939	0.648854961832061	0.312977099236641	0.687022900763359	0.343511450381679	0.656488549618321	0.305343511450382	0.687022900763359
132	-0.204545454545455	0.196969696969697	-0.265151515151515	0.272727272727273	0.356060606060606	0.643939393939394	0.310606060606061	0.689393939393939	0.356060606060606	0.651515151515151	0.310606060606061	0.689393939393939
133	-0.218045112781955	0.210526315789474	-0.278195488721805	0.263157894736842	0.360902255639098	0.639097744360902	0.308270676691729	0.699248120300752	0.345864661654135	0.654135338345865	0.308270676691729	0.691729323308271
134	-0.223880597014925	0.208955223880597	-0.305970149253731	0.238805970149254	0.350746268656716	0.656716417910448	0.305970149253731	0.694029850746269	0.350746268656716	0.649253731343284	0.313432835820896	0.694029850746269
135	-0.2	0.192592592592593	-0.296296296296296	0.266666666666667	0.348148148148148	0.644444444444444	0.311111111111111	0.681481481481481	0.348148148148148	0.644444444444444	0.296296296296296	0.688888888888889
136	-0.205882352941177	0.213235294117647	-0.257352941176471	0.279411764705882	0.360294117647059	0.639705882352941	0.316176470588235	0.691176470588235	0.360294117647059	0.639705882352941	0.323529411764706	0.683823529411765
137	-0.218978102189781	0.197080291970803	-0.255474452554745	0.262773722627737	0.35036496350365	0.656934306569343	0.313868613138686	0.693430656934307	0.357664233576642	0.642335766423358	0.313868613138686	0.686131386861314
138	-0.217391304347826	0.195652173913044	-0.289855072463768	0.246376811594203	0.340579710144928	0.63768115942029	0.297101449275362	0.673913043478261	0.355072463768116	0.659420289855073	0.311594202898551	0.702898550724638
139	-0.20863309352518	0.230215827338129	-0.273381294964029	0.287769784172662	0.359712230215827	0.647482014388489	0.302158273381295	0.705035971223022	0.338129496402878	0.640287769784173	0.294964028776978	0.705035971223022
140	-0.214285714285714	0.207142857142857	-0.278571428571429	0.257142857142857	0.364285714285714	0.657142857142857	0.285714285714286	0.692857142857143	0.342857142857143	0.65	0.314285714285714	0.7
141	-0.212765957446809	0.205673758865248	-0.269503546099291	0.276595744680851	0.347517730496454	0.638297872340426	0.312056737588652	0.687943262411348	0.354609929078014	0.652482269503546	0.319148936170213	0.687943262411348
142	-0.225352112676056	0.211267605633803	-0.274647887323944	0.28169014084507	0.352112676056338	0.640845070422535	0.309859154929577	0.676056338028169	0.352112676056338	0.647887323943662	0.288732394366197	0.683098591549296
143	-0.202797202797203	0.188811188811189	-0.258741258741259	0.300699300699301	0.356643356643357	0.643356643356643	0.300699300699301	0.706293706293706	0.363636363636364	0.65034965034965	0.314685314685315	0.692307692307692
144	-0.215277777777778	0.208333333333333	-0.284722222222222	0.277777777777778	0.347222222222222	0.638888888888889	0.298611111111111	0.694444444444444	0.347222222222222	0.645833333333333	0.3125	0.701388888888889
145	-0.213793103448276	0.206896551724138	-0.303448275862069	0.268965517241379	0.358620689655172	0.641379310344828	0.317241379310345	0.668965517241379	0.351724137931034	0.655172413793103	0.310344827586207	0.703448275862069
146	-0.212328767123288	0.184931506849315	-0.267123287671233	0.246575342465753	0.349315068493151	0.636986301369863	0.294520547945205	0.664383561643836	0.356164383561644	0.657534246575342	0.315068493150685	0.684931506849315
147	-0.217687074829932	0.197278911564626	-0.292517006802721	0.258503401360544	0.360544217687075	0.639455782312925	0.319727891156463	0.673469387755102	0.360544217687075	0.653061224489796	0.312925170068027	0.687074829931973
148	-0.209459459459459	0.202702702702703	-0.263513513513514	0.263513513513514	0.351351351351351	0.648648648648649	0.304054054054054	0.668918918918919	0.358108108108108	0.648648648648649	0.317567567567568	0.709459459459459
149	-0.214765100671141	0.208053691275168	-0.268456375838926	0.268456375838926	0.355704697986577	0.657718120805369	0.302013422818792	0.697986577181208	0.36241610738255	0.644295302013423	0.328859060402685	0.697986577181208
150	-0.2	0.2	-0.266666666666667	0.26	0.353333333333333	0.66	0.306666666666667	0.706666666666667	0.366666666666667	0.646666666666667	0.306666666666667	0.7
151	-0.205298013245033	0.218543046357616	-0.264900662251656	0.251655629139073	0.364238410596026	0.642384105960265	0.311258278145695	0.682119205298013	0.350993377483444	0.649006622516556	0.304635761589404	0.688741721854305
152	-0.210526315789474	0.190789473684211	-0.282894736842105	0.236842105263158	0.355263157894737	0.638157894736842	0.289473684210526	0.664473684210526	0.361842105263158	0.631578947368421	0.328947368421053	0.671052631578947
153	-0.215686274509804	0.189542483660131	-0.261437908496732	0.248366013071895	0.352941176470588	0.627450980392157	0.313725490196078	0.679738562091503	0.339869281045752	0.647058823529412	0.281045751633987	0.699346405228758
154	-0.201298701298701	0.194805194805195	-0.279220779220779	0.24025974025974	0.350649350649351	0.642857142857143	0.311688311688312	0.681818181818182	0.357142857142857	0.636363636363636	0.324675324675325	0.668831168831169
155	-0.2	0.206451612903226	-0.283870967741936	0.290322580645161	0.354838709677419	0.651612903225806	0.303225806451613	0.696774193548387	0.361290322580645	0.638709677419355	0.309677419354839	0.670967741935484
156	-0.198717948717949	0.185897435897436	-0.25	0.25	0.358974358974359	0.628205128205128	0.326923076923077	0.67948717948718	0.352564102564103	0.641025641025641	0.320512820512821	0.685897435897436
157	-0.21656050955414	0.197452229299363	-0.273885350318471	0.24203821656051	0.356687898089172	0.64968152866242	0.32484076433121	0.67515923566879	0.363057324840764	0.636942675159236	0.318471337579618	0.668789808917197
158	-0.19620253164557	0.19620253164557	-0.265822784810127	0.253164556962025	0.354430379746835	0.639240506329114	0.29746835443038	0.677215189873418	0.360759493670886	0.645569620253165	0.322784810126582	0.683544303797468
159	-0.188679245283019	0.194968553459119	-0.245283018867924	0.245283018867925	0.352201257861635	0.641509433962264	0.320754716981132	0.679245283018868	0.358490566037736	0.635220125786163	0.30188679245283	0.672955974842767
160	-0.20625	0.2	-0.25625	0.24375	0.36875	0.6375	0.325	0.6875	0.35625	0.65625	0.30625	0.7
161	-0.198757763975155	0.198757763975155	-0.273291925465839	0.267080745341615	0.354037267080745	0.639751552795031	0.322981366459627	0.683229813664596	0.366459627329193	0.639751552795031	0.322981366459627	0.683229813664596
162	-0.209876543209877	0.185185185185185	-0.259259259259259	0.234567901234568	0.358024691358025	0.648148148148148	0.314814814814815	0.685185185185185	0.37037037037037	0.648148148148148	0.320987654320988	0.679012345679012
163	-0.190184049079755	0.202453987730061	-0.245398773006135	0.269938650306748	0.349693251533742	0.644171779141104	0.300613496932515	0.680981595092024	0.361963190184049	0.631901840490798	0.300613496932515	0.662576687116564
164	-0.207317073170732	0.207317073170732	-0.280487804878049	0.268292682926829	0.341463414634146	0.646341463414634	0.310975609756098	0.689024390243902	0.347560975609756	0.640243902439024	0.304878048780488	0.670731707317073
165	-0.181818181818182	0.212121212121212	-0.248484848484848	0.266666666666667	0.36969696969697	0.642424242424242	0.339393939393939	0.678787878787879	0.357575757575758	0.642424242424242	0.309090909090909	0.684848484848485
166	-0.210843373493976	0.204819277108434	-0.283132530120482	0.289156626506024	0.355421686746988	0.644578313253012	0.313253012048193	0.692771084337349	0.349397590361446	0.650602409638554	0.301204819277108	0.698795180722892
167	-0.203592814371257	0.197604790419162	-0.245508982035928	0.269461077844311	0.353293413173653	0.646706586826347	0.317365269461078	0.676646706586826	0.359281437125749	0.646706586826347	0.311377245508982	0.70059880239521
168	-0.19047619047619	0.202380952380952	-0.232142857142857	0.255952380952381	0.363095238095238	0.642857142857143	0.303571428571429	0.68452380952381	0.351190476190476	0.654761904761905	0.30952380952381	0.702380952380952
169	-0.201183431952663	0.201183431952663	-0.266272189349112	0.242603550295858	0.36094674556213	0.63905325443787	0.319526627218935	0.680473372781065	0.372781065088757	0.63905325443787	0.319526627218935	0.680473372781065
170	-0.2	0.188235294117647	-0.264705882352941	0.252941176470588	0.352941176470588	0.635294117647059	0.329411764705882	0.670588235294118	0.352941176470588	0.635294117647059	0.317647058823529	0.688235294117647
171	-0.198830409356725	0.198830409356725	-0.269005847953216	0.257309941520468	0.350877192982456	0.64327485380117	0.286549707602339	0.695906432748538	0.35672514619883	0.631578947368421	0.315789473684211	0.690058479532164
172	-0.203488372093023	0.186046511627907	-0.255813953488372	0.238372093023256	0.36046511627907	0.633720930232558	0.319767441860465	0.668604651162791	0.366279069767442	0.633720930232558	0.313953488372093	0.674418604651163
173	-0.213872832369942	0.184971098265896	-0.283236994219653	0.248554913294798	0.358381502890173	0.647398843930636	0.30635838150289	0.682080924855491	0.364161849710983	0.641618497109827	0.317919075144509	0.682080924855491
174	-0.201149425287356	0.183908045977011	-0.270114942528736	0.235632183908046	0.362068965517241	0.626436781609195	0.339080459770115	0.672413793103448	0.362068965517241	0.64367816091954	0.316091954022989	0.683908045977011
175	-0.2	0.2	-0.262857142857143	0.257142857142857	0.36	0.645714285714286	0.331428571428571	0.691428571428571	0.36	0.64	0.314285714285714	0.685714285714286
176	-0.204545454545455	0.193181818181818	-0.267045454545455	0.238636363636364	0.357954545454545	0.636363636363636	0.318181818181818	0.676136363636364	0.363636363636364	0.647727272727273	0.323863636363636	0.698863636363636
177	-0.209039548022599	0.19774011299435	-0.265536723163842	0.248587570621469	0.361581920903955	0.638418079096045	0.31638418079096	0.672316384180791	0.350282485875706	0.638418079096045	0.31638418079096	0.689265536723164
178	-0.207865168539326	0.202247191011236	-0.258426966292135	0.252808988764045	0.353932584269663	0.646067415730337	0.314606741573034	0.674157303370786	0.365168539325843	0.623595505617977	0.308988764044944	0.662921348314607
179	-0.195530726256983	0.201117318435754	-0.284916201117318	0.262569832402235	0.357541899441341	0.636871508379888	0.307262569832402	0.675977653631285	0.357541899441341	0.659217877094972	0.312849162011173	0.698324022346369
180	-0.194444444444444	0.2	-0.261111111111111	0.288888888888889	0.361111111111111	0.644444444444444	0.327777777777778	0.694444444444444	0.344444444444444	0.638888888888889	0.277777777777778	0.672222222222222
181	-0.198895027624309	0.193370165745856	-0.248618784530387	0.243093922651934	0.359116022099448	0.629834254143646	0.320441988950276	0.668508287292818	0.348066298342541	0.635359116022099	0.30939226519337	0.674033149171271
182	-0.203296703296703	0.192307692307692	-0.269230769230769	0.269230769230769	0.346153846153846	0.637362637362637	0.318681318681319	0.692307692307692	0.357142857142857	0.637362637362637	0.313186813186813	0.67032967032967
183	-0.207650273224044	0.19672131147541	-0.295081967213115	0.262295081967213	0.349726775956284	0.644808743169399	0.306010928961749	0.699453551912568	0.371584699453552	0.639344262295082	0.33879781420765	0.688524590163934
184	-0.217391304347826	0.201086956521739	-0.271739130434783	0.255434782608696	0.364130434782609	0.630434782608696	0.320652173913043	0.679347826086957	0.358695652173913	0.635869565217391	0.304347826086957	0.684782608695652
185	-0.183783783783784	0.183783783783784	-0.227027027027027	0.243243243243243	0.362162162162162	0.621621621621622	0.308108108108108	0.659459459459459	0.362162162162162	0.637837837837838	0.313513513513514	0.67027027027027
186	-0.198924731182796	0.198924731182796	-0.252688172043011	0.263440860215054	0.354838709677419	0.639784946236559	0.295698924731183	0.67741935483871	0.360215053763441	0.639784946236559	0.327956989247312	0.672043010752688
187	-0.192513368983957	0.192513368983957	-0.25668449197861	0.272727272727273	0.358288770053476	0.647058823529412	0.310160427807487	0.67379679144385	0.368983957219251	0.636363636363636	0.320855614973262	0.679144385026738
188	-0.196808510638298	0.196808510638298	-0.265957446808511	0.265957446808511	0.361702127659574	0.632978723404255	0.329787234042553	0.664893617021277	0.356382978723404	0.638297872340426	0.313829787234043	0.675531914893617
189	-0.185185185185185	0.195767195767196	-0.216931216931217	0.26984126984127	0.35978835978836	0.650793650793651	0.322751322751323	0.687830687830688	0.354497354497354	0.64021164021164	0.317460317460317	0.671957671957672
190	-0.194736842105263	0.189473684210526	-0.247368421052632	0.263157894736842	0.368421052631579	0.631578947368421	0.315789473684211	0.678947368421053	0.363157894736842	0.636842105263158	0.315789473684211	0.668421052631579
191	-0.18848167539267	0.198952879581152	-0.261780104712042	0.25130890052356	0.371727748691099	0.643979057591623	0.335078534031414	0.670157068062827	0.366492146596859	0.643979057591623	0.324607329842932	0.701570680628272
192	-0.197916666666667	0.203125	-0.244791666666667	0.244791666666667	0.359375	0.640625	0.307291666666667	0.713541666666667	0.359375	0.645833333333333	0.307291666666667	0.6875
193	-0.196891191709845	0.196891191709845	-0.269430051813471	0.253886010362694	0.347150259067358	0.652849740932642	0.310880829015544	0.678756476683938	0.362694300518135	0.632124352331606	0.300518134715026	0.663212435233161
194	-0.195876288659794	0.195876288659794	-0.268041237113402	0.27319587628866	0.360824742268041	0.644329896907217	0.309278350515464	0.685567010309278	0.360824742268041	0.634020618556701	0.319587628865979	0.680412371134021
195	-0.18974358974359	0.184615384615385	-0.276923076923077	0.241025641025641	0.358974358974359	0.630769230769231	0.317948717948718	0.666666666666667	0.369230769230769	0.651282051282051	0.307692307692308	0.697435897435897
196	-0.193877551020408	0.204081632653061	-0.255102040816327	0.239795918367347	0.357142857142857	0.637755102040816	0.321428571428571	0.673469387755102	0.362244897959184	0.63265306122449	0.316326530612245	0.673469387755102
197	-0.192893401015228	0.182741116751269	-0.253807106598985	0.248730964467005	0.345177664974619	0.634517766497462	0.3248730964467	0.65989847715736	0.360406091370558	0.639593908629442	0.319796954314721	0.67005076142132
198	-0.186868686868687	0.202020202020202	-0.227272727272727	0.247474747474748	0.368686868686869	0.631313131313131	0.333333333333333	0.666666666666667	0.363636363636364	0.626262626262626	0.318181818181818	0.681818181818182
199	-0.190954773869347	0.201005025125628	-0.256281407035176	0.256281407035176	0.351758793969849	0.638190954773869	0.311557788944724	0.678391959798995	0.35678391959799	0.638190954773869	0.316582914572864	0.678391959798995
200	-0.195	0.2	-0.245	0.265	0.36	0.645	0.305	0.69	0.37	0.64	0.31	0.67
201	-0.199004975124378	0.18407960199005	-0.258706467661692	0.233830845771144	0.36318407960199	0.63681592039801	0.318407960199005	0.671641791044776	0.368159203980099	0.641791044776119	0.313432835820896	0.671641791044776
202	-0.207920792079208	0.202970297029703	-0.262376237623762	0.247524752475248	0.351485148514851	0.633663366336634	0.306930693069307	0.688118811881188	0.366336633663366	0.633663366336634	0.316831683168317	0.673267326732673
203	-0.187192118226601	0.201970443349754	-0.25615763546798	0.261083743842364	0.364532019704433	0.645320197044335	0.339901477832512	0.689655172413793	0.359605911330049	0.625615763546798	0.310344827586207	0.679802955665025
204	-0.191176470588235	0.200980392156863	-0.25	0.294117647058823	0.362745098039216	0.632352941176471	0.32843137254902	0.691176470588235	0.367647058823529	0.637254901960784	0.323529411764706	0.67156862745098
205	-0.2	0.190243902439024	-0.248780487804878	0.258536585365854	0.365853658536585	0.639024390243902	0.317073170731707	0.658536585365854	0.351219512195122	0.629268292682927	0.317073170731707	0.678048780487805
206	-0.20873786407767	0.194174757281553	-0.266990291262136	0.29126213592233	0.344660194174757	0.635922330097087	0.300970873786408	0.655339805825243	0.359223300970874	0.640776699029126	0.300970873786408	0.694174757281553
207	-0.202898550724638	0.188405797101449	-0.270531400966184	0.260869565217391	0.352657004830918	0.647342995169082	0.314009661835749	0.681159420289855	0.357487922705314	0.632850241545894	0.294685990338164	0.666666666666667
208	-0.201923076923077	0.201923076923077	-0.254807692307692	0.264423076923077	0.365384615384615	0.634615384615385	0.317307692307692	0.673076923076923	0.360576923076923	0.629807692307692	0.322115384615385	0.658653846153846
209	-0.205741626794258	0.205741626794258	-0.258373205741627	0.244019138755981	0.363636363636364	0.636363636363636	0.30622009569378	0.674641148325359	0.358851674641148	0.636363636363636	0.325358851674641	0.669856459330144
210	-0.19047619047619	0.2	-0.233333333333333	0.252380952380952	0.357142857142857	0.638095238095238	0.319047619047619	0.671428571428571	0.357142857142857	0.633333333333333	0.319047619047619	0.661904761904762
211	-0.194312796208531	0.180094786729858	-0.246445497630332	0.232227488151659	0.369668246445498	0.639810426540284	0.303317535545024	0.672985781990521	0.364928909952607	0.635071090047393	0.33175355450237	0.66824644549763
212	-0.202830188679245	0.188679245283019	-0.259433962264151	0.264150943396226	0.35377358490566	0.641509433962264	0.316037735849057	0.679245283018868	0.358490566037736	0.632075471698113	0.297169811320755	0.674528301886792
213	-0.192488262910798	0.197183098591549	-0.248826291079812	0.248826291079812	0.36150234741784	0.647887323943662	0.314553990610329	0.699530516431925	0.36150234741784	0.647887323943662	0.328638497652582	0.685446009389671
214	-0.210280373831776	0.196261682242991	-0.280373831775701	0.257009345794393	0.350467289719626	0.635514018691589	0.294392523364486	0.677570093457944	0.350467289719626	0.644859813084112	0.313084112149533	0.696261682242991
215	-0.195348837209302	0.186046511627907	-0.241860465116279	0.237209302325581	0.372093023255814	0.641860465116279	0.32093023255814	0.67906976744186	0.358139534883721	0.632558139534884	0.302325581395349	0.665116279069767
216	-0.199074074074074	0.203703703703704	-0.268518518518519	0.263888888888889	0.37037037037037	0.638888888888889	0.328703703703704	0.694444444444444	0.365740740740741	0.638888888888889	0.319444444444444	0.671296296296296
217	-0.19815668202765	0.211981566820276	-0.258064516129032	0.248847926267281	0.359447004608295	0.63594470046083	0.304147465437788	0.682027649769585	0.36405529953917	0.645161290322581	0.308755760368664	0.686635944700461
218	-0.192660550458716	0.188073394495413	-0.243119266055046	0.247706422018349	0.357798165137615	0.628440366972477	0.321100917431193	0.669724770642202	0.362385321100917	0.63302752293578	0.321100917431193	0.665137614678899
219	-0.191780821917808	0.182648401826484	-0.251141552511416	0.242009132420091	0.356164383561644	0.634703196347032	0.301369863013699	0.657534246575342	0.365296803652968	0.63013698630137	0.324200913242009	0.680365296803653
220	-0.186363636363636	0.190909090909091	-0.263636363636364	0.259090909090909	0.363636363636364	0.636363636363636	0.313636363636364	0.668181818181818	0.359090909090909	0.645454545454546	0.318181818181818	0.677272727272727
221	-0.203619909502262	0.194570135746606	-0.266968325791855	0.262443438914027	0.352941176470588	0.633484162895928	0.307692307692308	0.669683257918552	0.357466063348416	0.647058823529412	0.32579185520362	0.683257918552036
222	-0.189189189189189	0.184684684684685	-0.247747747747748	0.243243243243243	0.36036036036036	0.630630630630631	0.31981981981982	0.666666666666667	0.364864864864865	0.626126126126126	0.315315315315315	0.657657657657658
223	-0.192825112107623	0.183856502242152	-0.26457399103139	0.242152466367713	0.36322869955157	0.62780269058296	0.278026905829596	0.663677130044843	0.367713004484305	0.62780269058296	0.327354260089686	0.672645739910314
224	-0.196428571428571	0.174107142857143	-0.263392857142857	0.241071428571429	0.370535714285714	0.625	0.339285714285714	0.674107142857143	0.366071428571429	0.638392857142857	0.3125	0.669642857142857
225	-0.208888888888889	0.186666666666667	-0.271111111111111	0.24	0.355555555555556	0.631111111111111	0.315555555555556	0.675555555555556	0.364444444444444	0.635555555555556	0.324444444444444	0.68
226	-0.185840707964602	0.194690265486726	-0.243362831858407	0.274336283185841	0.367256637168142	0.63716814159292	0.331858407079646	0.68141592920354	0.358407079646018	0.63716814159292	0.327433628318584	0.68141592920354
227	-0.185022026431718	0.202643171806167	-0.251101321585903	0.273127753303965	0.361233480176211	0.643171806167401	0.308370044052863	0.696035242290749	0.365638766519824	0.634361233480176	0.317180616740088	0.674008810572687
228	-0.18859649122807	0.197368421052632	-0.245614035087719	0.254385964912281	0.368421052631579	0.631578947368421	0.328947368421053	0.666666666666667	0.359649122807018	0.631578947368421	0.31140350877193	0.68859649122807
229	-0.200873362445415	0.192139737991266	-0.262008733624454	0.248908296943231	0.353711790393013	0.646288209606987	0.323144104803493	0.676855895196507	0.366812227074236	0.641921397379913	0.323144104803493	0.676855895196507
230	-0.21304347826087	0.195652173913044	-0.282608695652174	0.260869565217391	0.365217391304348	0.643478260869565	0.31304347826087	0.695652173913043	0.356521739130435	0.643478260869565	0.295652173913043	0.682608695652174
231	-0.199134199134199	0.207792207792208	-0.251082251082251	0.285714285714286	0.367965367965368	0.636363636363636	0.333333333333333	0.67965367965368	0.363636363636364	0.645021645021645	0.32034632034632	0.692640692640693
232	-0.198275862068966	0.185344827586207	-0.25	0.25	0.362068965517241	0.633620689655172	0.327586206896552	0.663793103448276	0.379310344827586	0.633620689655172	0.323275862068966	0.668103448275862
233	-0.197424892703863	0.188841201716738	-0.257510729613734	0.240343347639485	0.36480686695279	0.639484978540773	0.330472103004292	0.669527896995708	0.369098712446352	0.639484978540773	0.330472103004292	0.67381974248927
234	-0.188034188034188	0.179487179487179	-0.243589743589744	0.235042735042735	0.358974358974359	0.628205128205128	0.316239316239316	0.67948717948718	0.367521367521368	0.636752136752137	0.320512820512821	0.675213675213675
235	-0.182978723404255	0.195744680851064	-0.246808510638298	0.242553191489362	0.357446808510638	0.634042553191489	0.314893617021277	0.676595744680851	0.361702127659574	0.634042553191489	0.314893617021277	0.672340425531915
236	-0.186440677966102	0.199152542372881	-0.23728813559322	0.23728813559322	0.364406779661017	0.635593220338983	0.317796610169492	0.669491525423729	0.36864406779661	0.639830508474576	0.313559322033898	0.669491525423729
237	-0.194092827004219	0.194092827004219	-0.232067510548523	0.240506329113924	0.371308016877637	0.645569620253165	0.316455696202532	0.683544303797468	0.362869198312236	0.645569620253165	0.316455696202532	0.683544303797468
238	-0.189075630252101	0.19327731092437	-0.235294117647059	0.247899159663866	0.361344537815126	0.638655462184874	0.310924369747899	0.69327731092437	0.365546218487395	0.642857142857143	0.327731092436975	0.680672268907563
239	-0.200836820083682	0.175732217573222	-0.259414225941423	0.246861924686192	0.368200836820084	0.623430962343096	0.317991631799163	0.661087866108787	0.368200836820084	0.635983263598326	0.330543933054393	0.669456066945607
240	-0.2	0.191666666666667	-0.254166666666667	0.245833333333333	0.358333333333333	0.633333333333333	0.325	0.679166666666667	0.366666666666667	0.633333333333333	0.3125	0.675
241	-0.215767634854772	0.190871369294606	-0.265560165975104	0.244813278008299	0.369294605809129	0.639004149377593	0.323651452282158	0.663900414937759	0.356846473029046	0.643153526970954	0.298755186721992	0.672199170124481
242	-0.18595041322314	0.198347107438016	-0.223140495867769	0.247933884297521	0.359504132231405	0.628099173553719	0.305785123966942	0.673553719008264	0.363636363636364	0.628099173553719	0.318181818181818	0.665289256198347
243	-0.185185185185185	0.197530864197531	-0.251028806584362	0.255144032921811	0.366255144032922	0.62962962962963	0.333333333333333	0.670781893004115	0.366255144032922	0.625514403292181	0.329218106995885	0.674897119341564
244	-0.188524590163934	0.19672131147541	-0.262295081967213	0.245901639344262	0.364754098360656	0.635245901639344	0.323770491803279	0.684426229508197	0.364754098360656	0.64344262295082	0.299180327868852	0.680327868852459
245	-0.195918367346939	0.183673469387755	-0.26530612244898	0.236734693877551	0.363265306122449	0.63265306122449	0.297959183673469	0.681632653061224	0.371428571428571	0.640816326530612	0.318367346938775	0.673469387755102
246	-0.191056910569106	0.199186991869919	-0.231707317073171	0.247967479674797	0.365853658536585	0.634146341463415	0.32520325203252	0.686991869918699	0.369918699186992	0.630081300813008	0.321138211382114	0.691056910569106
247	-0.178137651821862	0.194331983805668	-0.259109311740891	0.238866396761134	0.360323886639676	0.631578947368421	0.319838056680162	0.668016194331984	0.356275303643725	0.639676113360324	0.323886639676113	0.688259109311741
248	-0.185483870967742	0.193548387096774	-0.262096774193548	0.262096774193548	0.362903225806452	0.633064516129032	0.330645161290323	0.673387096774194	0.358870967741935	0.633064516129032	0.318548387096774	0.669354838709677
249	-0.200803212851406	0.192771084337349	-0.265060240963855	0.232931726907631	0.369477911646586	0.622489959839357	0.337349397590361	0.666666666666667	0.357429718875502	0.634538152610442	0.321285140562249	0.686746987951807
250	-0.184	0.188	-0.244	0.244	0.368	0.64	0.328	0.68	0.356	0.632	0.324	0.668
251	-0.191235059760956	0.195219123505976	-0.282868525896414	0.258964143426295	0.370517928286853	0.637450199203187	0.330677290836653	0.673306772908366	0.370517928286853	0.645418326693227	0.334661354581673	0.689243027888446
252	-0.198412698412698	0.202380952380952	-0.238095238095238	0.273809523809524	0.361111111111111	0.634920634920635	0.333333333333333	0.678571428571429	0.365079365079365	0.638888888888889	0.30952380952381	0.678571428571429
253	-0.193675889328063	0.185770750988142	-0.24901185770751	0.237154150197629	0.363636363636364	0.632411067193676	0.33201581027668	0.691699604743083	0.367588932806324	0.636363636363636	0.296442687747036	0.671936758893281
254	-0.18503937007874	0.177165354330709	-0.228346456692913	0.208661417322835	0.37007874015748	0.622047244094488	0.31496062992126	0.653543307086614	0.358267716535433	0.625984251968504	0.334645669291339	0.669291338582677
255	-0.211764705882353	0.192156862745098	-0.266666666666667	0.235294117647059	0.36078431372549	0.631372549019608	0.32156862745098	0.670588235294118	0.36078431372549	0.635294117647059	0.325490196078431	0.682352941176471
256	-0.18359375	0.19140625	-0.23046875	0.2421875	0.3671875	0.63671875	0.3359375	0.67578125	0.3671875	0.64453125	0.3359375	0.6640625
257	-0.194552529182879	0.198443579766537	-0.24124513618677	0.237354085603113	0.373540856031128	0.638132295719844	0.33852140077821	0.673151750972763	0.365758754863813	0.64591439688716	0.319066147859922	0.665369649805447
258	-0.197674418604651	0.197674418604651	-0.25968992248062	0.236434108527132	0.356589147286822	0.643410852713178	0.310077519379845	0.682170542635659	0.372093023255814	0.631782945736434	0.325581395348837	0.662790697674419
259	-0.181467181467181	0.189189189189189	-0.239382239382239	0.254826254826255	0.366795366795367	0.640926640926641	0.335907335907336	0.67953667953668	0.351351351351351	0.633204633204633	0.32046332046332	0.66023166023166
260	-0.180769230769231	0.196153846153846	-0.242307692307692	0.257692307692308	0.369230769230769	0.630769230769231	0.319230769230769	0.673076923076923	0.369230769230769	0.630769230769231	0.315384615384615	0.665384615384615
261	-0.187739463601533	0.187739463601532	-0.256704980842912	0.237547892720307	0.35632183908046	0.632183908045977	0.314176245210728	0.67816091954023	0.371647509578544	0.624521072796935	0.329501915708812	0.666666666666667
262	-0.190839694656489	0.190839694656489	-0.236641221374046	0.232824427480916	0.354961832061069	0.629770992366412	0.320610687022901	0.683206106870229	0.366412213740458	0.629770992366412	0.32824427480916	0.66030534351145
263	-0.190114068441065	0.190114068441065	-0.277566539923954	0.228136882129278	0.361216730038023	0.631178707224335	0.32319391634981	0.669201520912547	0.368821292775665	0.638783269961977	0.315589353612167	0.688212927756654
264	-0.204545454545455	0.200757575757576	-0.253787878787879	0.25	0.363636363636364	0.636363636363636	0.321969696969697	0.666666666666667	0.367424242424242	0.628787878787879	0.325757575757576	0.670454545454545
265	-0.19622641509434	0.192452830188679	-0.252830188679245	0.237735849056604	0.373584905660377	0.637735849056604	0.313207547169811	0.679245283018868	0.369811320754717	0.641509433962264	0.313207547169811	0.690566037735849
266	-0.18796992481203	0.180451127819549	-0.255639097744361	0.240601503759398	0.364661654135338	0.639097744360902	0.315789473684211	0.676691729323308	0.364661654135338	0.639097744360902	0.338345864661654	0.665413533834586
267	-0.191011235955056	0.191011235955056	-0.250936329588015	0.228464419475655	0.363295880149813	0.621722846441948	0.329588014981273	0.670411985018727	0.370786516853933	0.644194756554307	0.344569288389513	0.670411985018727
268	-0.190298507462687	0.186567164179104	-0.231343283582089	0.235074626865672	0.376865671641791	0.623134328358209	0.324626865671642	0.649253731343284	0.365671641791045	0.630597014925373	0.309701492537313	0.66044776119403
269	-0.174721189591078	0.189591078066914	-0.241635687732342	0.245353159851301	0.37546468401487	0.639405204460966	0.342007434944238	0.684014869888476	0.368029739776952	0.628252788104089	0.315985130111524	0.661710037174721
270	-0.211111111111111	0.177777777777778	-0.274074074074074	0.233333333333333	0.351851851851852	0.640740740740741	0.314814814814815	0.674074074074074	0.366666666666667	0.62962962962963	0.340740740740741	0.674074074074074
271	-0.188191881918819	0.18450184501845	-0.225092250922509	0.225092250922509	0.3690036900369	0.627306273062731	0.335793357933579	0.664206642066421	0.3690036900369	0.627306273062731	0.317343173431734	0.66789667896679
272	-0.209558823529412	0.202205882352941	-0.268382352941177	0.253676470588235	0.345588235294118	0.643382352941177	0.305147058823529	0.680147058823529	0.371323529411765	0.639705882352941	0.323529411764706	0.669117647058823
273	-0.172161172161172	0.194139194139194	-0.256410256410256	0.267399267399267	0.373626373626374	0.63003663003663	0.326007326007326	0.681318681318681	0.355311355311355	0.63003663003663	0.322344322344322	0.673992673992674
274	-0.186131386861314	0.197080291970803	-0.251824817518248	0.240875912408759	0.354014598540146	0.62043795620438	0.306569343065693	0.667883211678832	0.361313868613139	0.627737226277372	0.317518248175182	0.664233576642336
275	-0.189090909090909	0.178181818181818	-0.236363636363636	0.24	0.367272727272727	0.629090909090909	0.323636363636364	0.654545454545455	0.363636363636364	0.632727272727273	0.327272727272727	0.68
276	-0.192028985507246	0.192028985507246	-0.271739130434783	0.228260869565217	0.365942028985507	0.634057971014493	0.326086956521739	0.681159420289855	0.36231884057971	0.634057971014493	0.326086956521739	0.666666666666667
277	-0.191335740072202	0.1985559566787	-0.249097472924188	0.263537906137184	0.368231046931408	0.631768953068592	0.317689530685921	0.664259927797834	0.36101083032491	0.63898916967509	0.317689530685921	0.660649819494585
278	-0.183453237410072	0.183453237410072	-0.266187050359712	0.233812949640288	0.370503597122302	0.640287769784173	0.338129496402878	0.672661870503597	0.363309352517986	0.647482014388489	0.327338129496403	0.683453237410072
279	-0.186379928315412	0.17921146953405	-0.283154121863799	0.229390681003584	0.365591397849462	0.630824372759857	0.32258064516129	0.684587813620072	0.376344086021505	0.637992831541219	0.336917562724014	0.666666666666667
280	-0.2	0.189285714285714	-0.278571428571429	0.257142857142857	0.353571428571429	0.628571428571429	0.310714285714286	0.671428571428571	0.364285714285714	0.639285714285714	0.321428571428571	0.667857142857143
281	-0.188612099644128	0.202846975088968	-0.274021352313167	0.259786476868327	0.362989323843416	0.640569395017794	0.334519572953737	0.690391459074733	0.366548042704626	0.640569395017794	0.288256227758007	0.669039145907473
282	-0.184397163120567	0.191489361702128	-0.24822695035461	0.24468085106383	0.368794326241135	0.638297872340426	0.322695035460993	0.670212765957447	0.375886524822695	0.634751773049645	0.329787234042553	0.677304964539007
283	-0.176678445229682	0.19434628975265	-0.268551236749117	0.243816254416961	0.363957597173145	0.636042402826855	0.328621908127208	0.681978798586572	0.367491166077739	0.632508833922262	0.339222614840989	0.678445229681979
284	-0.172535211267606	0.193661971830986	-0.235915492957746	0.25	0.366197183098592	0.637323943661972	0.341549295774648	0.676056338028169	0.359154929577465	0.630281690140845	0.320422535211268	0.658450704225352
285	-0.182456140350877	0.196491228070175	-0.23859649122807	0.252631578947368	0.364912280701754	0.635087719298246	0.333333333333333	0.666666666666667	0.371929824561403	0.631578947368421	0.336842105263158	0.666666666666667
286	-0.188811188811189	0.188811188811189	-0.262237762237762	0.241258741258741	0.370629370629371	0.622377622377622	0.321678321678322	0.657342657342657	0.363636363636364	0.632867132867133	0.314685314685315	0.667832167832168
287	-0.191637630662021	0.184668989547038	-0.254355400696864	0.247386759581882	0.369337979094077	0.630662020905923	0.331010452961672	0.672473867595819	0.372822299651568	0.637630662020906	0.32404181184669	0.682926829268293
288	-0.190972222222222	0.184027777777778	-0.243055555555556	0.232638888888889	0.368055555555556	0.628472222222222	0.322916666666667	0.666666666666667	0.364583333333333	0.631944444444444	0.319444444444444	0.677083333333333
289	-0.190311418685121	0.193771626297578	-0.283737024221453	0.269896193771626	0.363321799307958	0.636678200692042	0.332179930795848	0.667820069204152	0.366782006920415	0.629757785467128	0.318339100346021	0.671280276816609
290	-0.189655172413793	0.186206896551724	-0.23448275862069	0.255172413793103	0.368965517241379	0.627586206896552	0.317241379310345	0.672413793103448	0.368965517241379	0.627586206896552	0.331034482758621	0.662068965517241
291	-0.202749140893471	0.195876288659794	-0.261168384879725	0.230240549828179	0.36426116838488	0.632302405498282	0.326460481099656	0.673539518900344	0.367697594501718	0.632302405498282	0.319587628865979	0.666666666666667
292	-0.202054794520548	0.191780821917808	-0.273972602739726	0.246575342465753	0.356164383561644	0.626712328767123	0.325342465753425	0.647260273972603	0.35958904109589	0.643835616438356	0.311643835616438	0.671232876712329
293	-0.184300341296928	0.187713310580205	-0.245733788395904	0.238907849829351	0.36518771331058	0.63481228668942	0.341296928327645	0.679180887372014	0.361774744027304	0.627986348122867	0.324232081911263	0.655290102389078
294	-0.207482993197279	0.17687074829932	-0.244897959183673	0.22108843537415	0.360544217687075	0.629251700680272	0.316326530612245	0.670068027210884	0.374149659863946	0.639455782312925	0.326530612244898	0.670068027210884
295	-0.189830508474576	0.183050847457627	-0.284745762711864	0.227118644067797	0.36271186440678	0.63728813559322	0.31864406779661	0.677966101694915	0.369491525423729	0.627118644067797	0.338983050847458	0.657627118644068
296	-0.185810810810811	0.195945945945946	-0.246621621621622	0.246621621621622	0.371621621621622	0.631756756756757	0.337837837837838	0.672297297297297	0.358108108108108	0.631756756756757	0.304054054054054	0.658783783783784
297	-0.195286195286195	0.178451178451178	-0.249158249158249	0.222222222222222	0.363636363636364	0.616161616161616	0.316498316498317	0.656565656565657	0.367003367003367	0.63973063973064	0.30976430976431	0.673400673400673
298	-0.187919463087248	0.184563758389262	-0.248322147651007	0.218120805369128	0.355704697986577	0.624161073825503	0.305369127516779	0.671140939597315	0.375838926174497	0.62751677852349	0.338926174496644	0.681208053691275
299	-0.177257525083612	0.187290969899666	-0.220735785953177	0.22742474916388	0.37123745819398	0.632107023411371	0.324414715719064	0.668896321070234	0.37123745819398	0.632107023411371	0.321070234113712	0.672240802675585
300	-0.196666666666667	0.186666666666667	-0.243333333333333	0.233333333333333	0.37	0.623333333333333	0.34	0.666666666666667	0.366666666666667	0.63	0.32	0.673333333333333
